135906	0
151408	0
170746	0
186191	0
201678	0
217273	0
232753	0
252052	0
267540	0
282986	0
318663	0
334163	0
349623	0
365099	0
380558	0
396035	0
411491	0
426970	0
442425	0
457906	0
492111	0
507587	0
523056	0
538521	0
553991	0
569455	0
584925	0
608581	0
624187	0
639672	0
674027	0
689487	0
704974	0
720422	0
735909	0
751356	0
766843	0
782290	0
797779	0
813226	0
847468	0
862965	0
878416	0
893903	0
909350	0
924836	0
940284	0
955772	0
971220	0
986706	0
1021265	0
1044458	0
1059907	0
1075394	0
1090842	0
1106328	0
1121776	0
1137263	0
1152712	0
1168197	0
1202410	0
1217864	0
1233353	0
1248800	0
1264289	0
1279736	0
1295223	0
1310670	0
1326157	0
1341603	0
1375682	0
1398879	0
1414350	0
1429815	0
1445284	0
1460751	0
1476218	0
1491686	0
1507152	0
1522622	0
1556865	0
1580070	0
1595519	0
1611006	0
1626452	0
1641941	0
1657386	0
1672875	0
1688322	0
1703811	0
1738094	0
1753554	0
1769037	0
1784486	0
1799971	0
1815422	0
1830905	0
1846355	0
1861841	0
1877289	0
1911402	0
1934588	0
1950073	0
1965522	0
1981009	0
1996458	0
2011943	0
2027393	0
2042877	0
2058327	0
2092782	0
2108297	0
2123744	0
2139231	0
2154678	0
2170166	0
2185613	0
2201100	0
2216547	0
2232034	0
2266190	0
2281645	0
2300987	0
2320303	0
2335769	0
2351236	0
2366705	0
2382169	0
2397640	0
2413105	0
2447560	0
2470736	0
2486223	0
2501669	0
2517156	0
2532605	0
2548092	0
2563539	0
2579028	0
2594473	0
2628818	0
2644309	0
2659761	0
2675245	0
2690694	0
2706181	0
2721630	0
2737115	0
2752564	0
2768051	0
2802391	0
2817858	0
2833336	0
2848792	0
2864272	0
2879726	0
2895207	0
2910660	0
2926143	0
2941594	0
2975754	0
2991233	0
3010561	0
3029866	0
3045354	0
3060800	0
3076290	0
3091736	0
3107224	0
3122671	0
3157003	0
3172501	0
3191804	0
3211134	0
3230466	0
3245917	0
3261401	0
3276853	0
3292333	0
3307786	0
3342039	0
3357542	0
3372987	0
3388475	0
3403923	0
3419410	0
3434857	0
3450346	0
3465793	0
3481280	0
3515450	0
3530906	0
3546396	0
3561840	0
3577329	0
3592775	0
3608264	0
3623709	0
3639198	0
3654645	0
3688781	0
3704278	0
3719725	0
3735214	0
3750660	0
3766150	0
3781594	0
3797084	0
3812528	0
3828017	0
3862509	0
3885696	0
3901150	0
3916629	0
3932085	0
3947563	0
3963021	0
3978499	0
3993955	0
4009431	0
4043757	0
4059215	0
4074700	0
4090151	0
4105634	0
4124939	0
4144282	0
4159732	0
4179066	0
4194531	0
4228865	0
4252040	0
4267527	0
4282974	0
4298461	0
4313910	0
4329397	0
4344844	0
4360331	0
4375777	0
4409921	0
4425415	0
4444728	0
4464045	0
4479526	0
4494981	0
4510461	0
4525914	0
4541395	0
4561699	0
4604134	0
4619607	0
4638947	0
4654393	0
4669883	0
4685329	0
4700816	0
4716264	0
4731751	0
4747198	0
4781519	0
4797022	0
4812468	0
4827957	0
4843401	0
4858891	0
4874335	0
4889826	0
4905271	0
4920760	0
4955149	0
4970619	0
4993800	0
5016993	0
5032440	0
5047929	0
5063374	0
5078863	0
5094310	0
5109798	0
5143952	0
5159412	0
5178746	0
5198074	0
5213528	0
5229008	0
5244464	0
5259942	0
5275399	0
5290877	0
5325187	0
5340644	0
5356131	0
5371580	0
5387065	0
5402516	0
5417999	0
5433451	0
5448935	0
5464385	0
5498528	0
5521733	0
5541057	0
5556513	0
5571991	0
5587449	0
5602925	0
5618385	0
5633859	0
5649320	0
5683622	0
5699114	0
5714566	0
5730049	0
5745501	0
5760983	0
5776436	0
5791917	0
5807372	0
5830567	0
5864737	0
5880207	0
5895687	0
5911141	0
5926621	0
5942075	0
5957557	0
5973009	0
5988492	0
6003943	0
6038343	0
6061524	0
6077014	0
6092460	0
6107948	0
6123393	0
6138884	0
6154329	0
6169816	0
6185265	0
6219453	0
6242651	0
6258122	0
6273587	0
6289056	0
6304523	0
6319990	0
6335457	0
6350924	0
6366394	0
6400933	0
6424139	0
6443449	0
6462770	0
6478248	0
6493706	0
6509182	0
6524641	0
6540116	0
6555577	0
6589861	0
6605352	0
6620804	0
6636286	0
6651737	0
6667221	0
6682673	0
6698155	0
6713609	0
6729088	0
9688464	0
9703986	0
9727152	0
9742628	0
9761957	0
9781254	0
9796743	0
9812197	0
9835389	0
9858578	0
9893183	0
9908661	0
9924147	0
9939593	0
9955078	0
9970540	0
9986027	0
10001475	0
10016965	0
10032409	0
10068283	0
10083784	0
10099241	0
10114734	0
10137919	0
10153371	0
10168860	0
10188166	0
10203655	0
10219100	0
10261667	0
10277134	0
10300329	0
10315780	0
10331265	0
10346730	0
10362215	0
10377664	0
10393163	0
10408628	0
10443856	0
10459351	0
10474810	0
10490302	0
10505760	0
10528934	0
10544422	0
10559885	0
10575372	0
10590819	0
10625979	0
10641496	0
10656942	0
10672432	0
10687877	0
10703382	0
10726550	0
10742017	0
10757484	0
10772967	0
20137082	0
20152690	0
20168187	0
20183691	0
20199174	0
20214627	0
20230110	0
20245560	0
20261044	0
20276496	0
20311712	0
20327220	0
20342666	0
20358154	0
20373599	0
20389088	0
20404535	0
20420022	0
20435469	0
20450958	0
29792797	0
29808442	0
29831638	0
29847143	0
29862628	0
29885802	0
29908963	0
29924504	0
29939958	0
29955444	0
29990146	0
30005678	0
30021156	0
30036613	0
30052091	0
30067599	0
30083079	0
30098533	0
30114015	0
30129469	0
30165034	0
30188211	0
30203700	0
30219147	0
30234636	0
30250081	0
30265570	0
30281015	0
30296504	0
30311950	0
30346703	0
30362197	0
30385376	0
30400832	0
30420173	0
30435620	0
30451109	0
30466556	0
30482043	0
30497489	0
30532231	0
30547729	0
30563176	0
30578718	0
30594163	0
30609652	0
30625099	0
30640640	0
30656087	0
30671576	0
30706031	0
30721491	0
30736976	0
30752424	0
30767911	0
30797664	0
30816967	0
30832448	0
30847902	0
30863384	0
30902426	0
30925632	0
30941083	0
30956568	0
30972019	0
30987504	0
31002952	0
31018438	0
31033886	0
31049373	0
31085898	0
31101377	0
31116844	0
31132314	0
31147787	0
31163252	0
31178723	0
31194185	0
31209658	0
31225119	0
31261730	0
31284909	0
31300393	0
31315842	0
31331328	0
31346778	0
31362262	0
31377712	0
31393198	0
31408646	0
31445416	0
31460893	0
31476359	0
31491826	0
31507293	0
31522764	0
31538227	0
31553698	0
31569161	0
31584633	0
31621181	0
31636679	0
31652130	0
31667613	0
31683065	0
31698547	0
31713999	0
31729481	0
31744935	0
31760416	0
31797202	0
31812656	0
31828145	0
31843591	0
31859080	0
31874525	0
31890014	0
31905459	0
31920948	0
31936395	0
31972927	0
31988421	0
32003872	0
32019354	0
32034806	0
32050290	0
32065740	0
32081226	0
32119293	0
32134782	0
32169434	0
32184893	0
32200379	0
32215831	0
32231316	0
32246765	0
32262250	0
32277700	0
32293186	0
32308636	0
32343526	0
32366733	0
32382200	0
32397668	0
32413132	0
32428602	0
32444065	0
32459538	0
32474999	0
32490473	0
32527072	0
32542572	0
32558024	0
32573507	0
32588961	0
32615133	0
32630606	0
32646082	0
32661540	0
32677018	0
32713668	0
32729160	0
32744614	0
32760094	0
32775550	0
32791028	0
32806486	0
32821964	0
32837421	0
32852896	0
32887305	0
32910479	0
32925961	0
32941414	0
32956897	0
32972346	0
32987832	0
33003282	0
33018767	0
33034216	0
33068607	0
33091793	0
33107280	0
33122727	0
33138213	0
33153661	0
33169149	0
33184597	0
33200083	0
33215532	0
33249871	0
33265369	0
33280816	0
33296305	0
33311749	0
33327238	0
33342685	0
33358172	0
33373619	0
33389106	0
33423371	0
33438827	0
33454316	0
33469763	0
33485250	0
33500697	0
33516186	0
33531631	0
33547119	0
33562565	0
33596760	0
33619954	0
33635435	0
33650889	0
33666369	0
33681825	0
33697303	0
33712761	0
33728237	0
33743696	0
34290104	0
34305575	0
34324910	0
34344213	0
34359704	0
34375149	0
34390638	0
34406083	0
34421572	0
34437018	0
34471862	0
34487358	0
34502807	0
34518294	0
34533741	0
34549228	0
34564675	0
34580163	0
34595610	0
34611097	0
34645238	0
34668428	0
34683879	0
34699362	0
34714814	0
34730298	0
34745750	0
34761232	0
34776685	0
34792165	0
36478677	0
36494210	0
36509703	0
36525189	0
36548381	0
36563826	0
36579314	0
36601372	0
36616846	0
36636173	0
36671340	0
36686836	0
36702355	0
36721653	0
36737138	0
36752586	0
36768073	0
36783522	0
36799009	0
36814456	0
36848829	0
36864377	0
36879833	0
36895313	0
36910767	0
36926249	0
36941701	0
36957184	0
36972635	0
36988118	0
37022499	0
37037984	0
37057303	0
37072784	0
37088239	0
37103717	0
37119172	0
37138513	0
37161678	0
37177157	0
37211288	0
37226766	0
37242233	0
37257701	0
37273170	0
37296360	0
37311805	0
37327294	0
37342739	0
37358228	0
37392910	0
37408367	0
37427705	0
37447028	0
37462486	0
37477962	0
37493423	0
37516615	0
37532061	0
37547550	0
37581661	0
37597178	0
37612665	0
37635842	0
37651297	0
37666776	0
37682230	0
37697710	0
37713166	0
37728644	0
50413879	0
50429384	0
50444878	0
50460375	0
50479700	0
50495153	0
50510634	0
50526106	0
50541586	0
50557041	0
50591684	0
50607201	0
50622649	0
50638137	0
50653583	0
50728663	0
50744141	0
50759617	0
50775075	0
50790551	0
50825188	0
50840655	0
50856142	0
50871591	0
50887076	0
50902526	0
50918010	0
50933462	0
50948946	0
50964396	0
50998868	0
51014379	0
51029825	0
51045314	0
51060759	0
51076248	0
51091695	0
51107182	0
51122631	0
51138118	0
51172251	0
51187720	0
51203209	0
51218655	0
51234145	0
51249590	0
51265078	0
51280524	0
51296014	0
51311460	0
51345571	0
51361068	0
51376516	0
51392004	0
51407449	0
51422954	0
51438401	0
51453888	0
51469334	0
51484836	0
51519312	0
51542500	0
51557952	0
51573433	0
51588888	0
51604367	0
51619821	0
51635301	0
51650757	0
51666237	0
51700987	0
51724163	0
51739640	0
51755096	0
51770576	0
51786047	0
51801527	0
51816982	0
51832463	0
51847930	0
52631796	0
52647314	0
52662804	0
52678273	0
52693734	0
52709209	0
52724668	0
52740144	0
52755604	0
52778777	0
52813614	0
52829121	0
52844568	0
52860056	0
52875503	0
52891046	0
52906498	0
52929688	0
52945155	0
52960676	0
55873560	0
55889088	0
55904562	0
55920063	0
55939365	0
55954853	0
55970301	0
55985803	0
56001249	0
56016737	0
56052006	0
56067484	0
56082964	0
56098418	0
56113898	0
56129350	0
56144834	0
56160286	0
56175767	0
56191220	0
59730070	0
59745561	0
59761071	0
59776548	0
59795884	0
59811331	0
59826820	0
59842279	0
59857769	0
59873215	0
63386548	0
63402028	0
63417523	0
63436828	0
63452315	0
63467763	0
63483251	0
63498696	0
63514184	0
63529632	0
63565339	0
63580853	0
63596301	0
63611803	0
63627252	0
63642739	0
63658186	0
63673689	0
63689134	0
63704623	0
64601812	0
64617690	0
64633169	0
64648646	0
64664116	0
64679581	0
64695048	0
64710517	0
64725982	0
64741453	0
64778613	0
64794121	0
64809568	0
64825069	0
64840519	0
64856003	0
64871452	0
64886953	0
64902402	0
64917885	0
64952539	0
64968019	0
64983508	0
64998952	0
65014440	0
65029904	0
65045392	0
65060837	0
65076326	0
65091772	0
65125874	0
65141373	0
65156819	0
65172308	0
65187754	0
65203242	0
65218688	0
65234178	0
65249624	0
65265112	0
65301570	0
65317046	0
65332528	0
65347982	0
65363463	0
65378916	0
65394399	0
65409849	0
65425333	0
65440783	0
65475042	0
65490537	0
65505997	0
65521471	0
65536931	0
65552409	0
65567879	0
65583357	0
65598813	0
65614293	0
65648238	0
65671441	0
65686886	0
65702377	0
65717822	0
65733311	0
65748755	0
65764244	0
65779691	0
65795178	0
66861100	0
66876577	0
66892092	0
66907538	0
66923026	0
66938472	0
66953961	0
66969407	0
66984897	0
67000343	0
6754325	1
6779981	1
6795505	1
6810963	1
6826451	1
6841899	1
6857385	1
6872833	1
6888321	1
6903769	1
6938473	1
6953981	1
6969427	1
6984916	1
7000361	1
7015850	1
7031295	1
7050654	1
7066107	1
7081590	1
7116342	1
7131816	1
7151131	1
7174332	1
7189779	1
7205266	1
7220715	1
7236202	1
7251649	1
7267137	1
7301834	1
7317306	1
7332788	1
7348242	1
7363722	1
7379174	1
7394657	1
7410110	1
7425593	1
7441044	1
7475344	1
7490839	1
7510165	1
7529472	1
7544961	1
7560407	1
7575894	1
7591341	1
7606828	1
7622277	1
7656670	1
7672166	1
7691471	1
7710803	1
7730133	1
7745586	1
7761067	1
7776519	1
7792001	1
7807455	1
7841688	1
7857198	1
7872647	1
7888134	1
7903581	1
7919068	1
7934516	1
7950002	1
7965452	1
7980937	1
8015267	1
8030722	1
8046210	1
8061657	1
8077146	1
8092591	1
8108080	1
8123527	1
8139014	1
8154461	1
8188584	1
8204080	1
8219529	1
8235016	1
8250461	1
8265952	1
8289121	1
8304588	1
8320055	1
8335524	1
8377564	1
8393065	1
8408513	1
8424001	1
8439448	1
8454935	1
8470380	1
8485870	1
8501318	1
8522226	1
8557120	1
8580334	1
8610650	1
8626121	1
8645461	1
8660914	1
8676395	1
8691850	1
8707330	1
8730513	1
8765646	1
8788825	1
8804294	1
8819759	1
8835230	1
8850693	1
8866163	1
8881627	1
8897099	1
8912560	1
8946902	1
8962372	1
8977847	1
8993308	1
9008782	1
9024243	1
9039716	1
9055179	1
9078370	1
9101533	1
9136554	1
9152019	1
9167503	1
9182955	1
9198438	1
9221601	1
9237086	1
9252549	1
9268036	1
9283483	1
9329897	1
9345362	1
9368550	1
9384024	1
9399485	1
9414984	1
9430447	1
9445920	1
9469087	1
9484602	1
10799280	1
10814898	1
10830385	1
10937013	1
10952522	1
10967980	1
10983468	1
10998930	1
11014418	1
11029866	1
21953532	1
21969173	1
21984691	1
22062616	1
22078124	1
22097423	1
22112907	1
22128358	1
22143842	1
22159292	1
22194225	1
22209715	1
22225177	1
22240651	1
22256111	1
22271587	1
22287045	1
22302521	1
22317979	1
22333457	1
22370600	1
22386091	1
22401545	1
22417025	1
22432479	1
22447961	1
22463415	1
22478894	1
22494350	1
22509828	1
22543883	1
22559340	1
22574826	1
22590276	1
22605760	1
22621210	1
22636696	1
22652147	1
22667630	1
22683081	1
22719854	1
22735364	1
22750810	1
22766299	1
22781744	1
22797233	1
22812679	1
22828167	1
22843613	1
22859103	1
22894841	1
22910302	1
22925786	1
22941236	1
22956719	1
22972172	1
22987655	1
23003104	1
23018591	1
23034039	1
23069993	1
23085471	1
23100936	1
23180079	1
23195568	1
23214878	1
23234221	1
23249666	1
23265155	1
23280602	1
23315175	1
23330670	1
23346118	1
23361604	1
23377052	1
23392540	1
23407988	1
23423474	1
23438921	1
23454409	1
23490116	1
23505593	1
23521072	1
23536529	1
23552008	1
23567463	1
23582944	1
23598397	1
23613878	1
23637062	1
23671371	1
23686827	1
23706170	1
23721620	1
23737107	1
23752556	1
23768041	1
23783490	1
23798977	1
23814424	1
23851232	1
23866710	1
23882175	1
23897646	1
23913109	1
23928581	1
23944043	1
23959515	1
23974976	1
23990451	1
24025272	1
24040758	1
24056216	1
24077725	1
24093172	1
24108661	1
24124107	1
24139596	1
24155045	1
24178238	1
24212511	1
24227997	1
24243460	1
24258931	1
24274392	1
24289866	1
24313034	1
24328523	1
24351693	1
24367159	1
24464109	1
24479613	1
24502773	1
24525952	1
24541431	1
24556888	1
24576226	1
24600007	1
24615513	1
24638705	1
24673376	1
24688870	1
24708213	1
24731391	1
24754549	1
24770046	1
24785501	1
24800980	1
24816433	1
24831931	1
24866815	1
24882291	1
24897762	1
24913244	1
24928716	1
24951899	1
24975063	1
24990556	1
25013742	1
25029190	1
25064133	1
25079655	1
25102829	1
25118288	1
25133762	1
25149247	1
25164719	1
25187888	1
25211077	1
25226564	1
25261233	1
25276700	1
25292178	1
25307645	1
25323126	1
25338580	1
25354060	1
25369529	1
25385009	1
25400465	1
25434906	1
25450403	1
25465851	1
25481337	1
25496787	1
25512273	1
25527722	1
25543207	1
25558656	1
25574140	1
25608794	1
25624250	1
25639739	1
25655206	1
25678399	1
25803130	1
25818665	1
25834157	1
25849616	1
25865092	1
25900042	1
25915548	1
25938712	1
25954201	1
25969647	1
25985150	1
26000596	1
26016086	1
26031530	1
26047034	1
26081815	1
26097276	1
26116608	1
26132092	1
26147560	1
26163024	1
26178496	1
26193970	1
26217140	1
26240333	1
26274750	1
26290254	1
26305715	1
26321190	1
26336651	1
26352138	1
26367603	1
26383074	1
26398539	1
26414008	1
33777859	1
33793488	1
33808964	1
33824478	1
33843775	1
33859264	1
33874711	1
33890199	1
33905644	1
33921133	1
33956636	1
33972105	1
33987590	1
34003039	1
34018525	1
34033973	1
34049459	1
34064907	1
34080395	1
34095841	1
36243905	1
36259493	1
36274981	1
36290507	1
36370182	1
36385685	1
36404984	1
36420527	1
36435974	1
36451461	1
47585740	1
47601264	1
47616743	1
47636074	1
47651526	1
47667022	1
47682476	1
47697956	1
47713412	1
47728892	1
47764085	1
47779550	1
47795039	1
47810486	1
47825973	1
47841420	1
47856907	1
47872355	1
47887841	1
47903290	1
47940088	1
47955592	1
47971040	1
47986528	1
48001973	1
48017461	1
48032909	1
48048396	1
48063843	1
48079332	1
48113545	1
48129016	1
48144500	1
48159965	1
48175450	1
48190901	1
48206384	1
48221849	1
48237334	1
48252783	1
48288550	1
48304047	1
48323376	1
48338830	1
48354310	1
48369764	1
48385244	1
48400699	1
48416179	1
48431635	1
48468130	1
48483631	1
48499078	1
48514579	1
48530024	1
48545513	1
48560960	1
48576461	1
48605317	1
48620971	1
51873104	1
51888620	1
51904101	1
51919598	1
51935046	1
51950549	1
51965996	1
51981482	1
51996932	1
52012418	1
52047602	1
52063070	1
52078558	1
52094022	1
52109509	1
52124956	1
52140444	1
52155906	1
52171395	1
52186840	1
52221170	1
52236666	1
52252113	1
52267600	1
52283047	1
52298535	1
52313982	1
52329469	1
52344916	1
52360405	1
52394518	1
52409979	1
52425462	1
52440929	1
52456413	1
52471863	1
52487348	1
52550940	1
52566411	1
52585737	1
52985690	1
53013411	1
53028883	1
53048222	1
53063669	1
53079212	1
53094659	1
53110146	1
53125593	1
53146197	1
53181011	1
53196505	1
53211967	1
53227443	1
53242904	1
53258377	1
53273840	1
53289311	1
53304776	1
53320244	1
53355963	1
53371437	1
53390778	1
53406223	1
53421712	1
53437159	1
53452648	1
53468093	1
53483581	1
53499028	1
53533847	1
53549342	1
53564790	1
53580278	1
53595726	1
53615062	1
53638243	1
53657540	1
53673028	1
53688475	1
53723183	1
53738691	1
53754145	1
53769627	1
53785077	1
53800560	1
53816011	1
53831496	1
53846946	1
53862430	1
53897065	1
53912545	1
53928021	1
53951206	1
53974371	1
53989848	1
54005303	1
54020783	1
54036239	1
54051719	1
54085919	1
54101424	1
54116891	1
54132357	1
54155523	1
54178713	1
54194177	1
54217349	1
54232837	1
54248283	1
59560185	1
59575702	1
59595004	1
59610492	1
59625938	1
59641439	1
59656886	1
59672375	1
59687823	1
59703312	1
63214575	1
63230088	1
63249393	1
63268736	1
63284184	1
63299686	1
63315135	1
63330622	1
63346069	1
63361556	1
63731347	1
63746819	1
63762317	1
63777765	1
63793252	1
63808701	1
63824186	1
63839637	1
63855120	1
63870571	1
64256377	1
64271879	1
64287374	1
64302861	1
64318320	1
64333812	1
64349269	1
64364748	1
64380205	1
64395696	1
64430562	1
64446053	1
64461515	1
64476987	1
64492450	1
64507921	1
64523385	1
64538854	1
64554321	1
64569788	1
65821350	1
65836841	1
65852343	1
65871647	1
65890990	1
65906435	1
65921926	1
65937371	1
65952860	1
65968321	1
66002910	1
66018413	1
66033861	1
66049365	1
66064812	1
66080299	1
66095747	1
66111249	1
66126696	1
66142183	1
66176333	1
66191807	1
66207291	1
66222741	1
66238223	1
66253673	1
66269158	1
66284609	1
66300094	1
66315542	1
66349718	1
66365209	1
66380667	1
66396158	1
66411616	1
66427094	1
66442551	1
66458044	1
66473498	1
66488980	1
66523276	1
66538753	1
66554222	1
66569688	1
66585157	1
66600620	1
66616092	1
66631556	1
66647028	1
66662489	1
66696557	1
66712040	1
66727514	1
66742990	1
66758463	1
66773926	1
66789396	1
66804876	1
66820345	1
66835812	1
67027317	1
67042825	1
67062128	1
67077616	1
67093062	1
67108552	1
67123998	1
67139486	1
67154932	1
67170421	1
67202538	1
67225716	1
67241187	1
67256650	1
67272123	1
67287584	1
67303058	1
67318518	1
67333994	1
67349452	1
67395854	1
67411327	1
67426806	1
67442261	1
67457742	1
67473209	1
67488691	1
67504143	1
67519626	1
67535079	1
67573741	1
67589191	1
67604673	1
67620127	1
67635608	1
67651063	1
67666542	1
67681996	1
67697476	1
67712934	1
67751574	1
67767061	1
67782508	1
67797995	1
67813442	1
67828931	1
67844378	1
67859865	1
67875312	1
67890800	1
67933282	1
67948765	1
67964217	1
67979699	1
67995152	1
68010633	1
68026088	1
68041567	1
68057022	1
68072502	1
68115002	1
68130475	1
68153650	1
68169137	1
68188442	1
68203932	1
68219377	1
68234866	1
68250312	1
68265802	1
68308283	1
68323767	1
68339218	1
68354701	1
68370156	1
68385636	1
68401090	1
68416568	1
68432025	1
68447504	1
68490004	1
68505461	1
68520940	1
68536395	1
68551874	1
68567360	1
68582838	1
68613984	1
68629859	1
68645329	1
68684085	1
68703428	1
68718874	1
68734363	1
68749808	1
68765297	1
68780742	1
68796231	1
68811678	1
68827167	1
68865805	1
68881283	1
68896755	1
68912215	1
68927691	1
68943167	1
68958643	1
68974101	1
68989579	1
69005037	1
69043697	1
69059146	1
69074631	1
69090081	1
69105565	1
69121015	1
69136498	1
69151951	1
69167434	1
69182885	1
69225392	1
69240864	1
69256326	1
69271800	1
69287260	1
69302736	1
69318193	1
69333671	1
69349127	1
69364605	1
69407090	1
69422579	1
69438026	1
69453515	1
69468960	1
69484449	1
69499895	1
69515384	1
69530829	1
69546318	1
69588801	1
69604282	1
69619737	1
69635215	1
69650672	1
69666151	1
69681606	1
69697085	1
69712542	1
69728018	1
69770520	1
69785975	1
69801455	1
69816909	1
69832391	1
69847845	1
69863326	1
69878777	1
69894262	1
69909713	1
69952233	1
69967678	1
69983167	1
69998613	1
70014102	1
70029547	1
70045036	1
70060483	1
70075970	1
70091417	1
70133933	1
70149391	1
70164863	1
70180327	1
70195797	1
70211262	1
70226733	1
70242198	1
70257667	1
70273133	1
70315624	1
70331109	1
70346559	1
70362045	1
70377495	1
70392979	1
70408427	1
70423915	1
70439362	1
70454848	1
70497331	1
70512817	1
70528265	1
70543751	1
70559201	1
70574686	1
70590134	1
70605620	1
70621070	1
70636553	1
70679048	1
70694513	1
70709982	1
70725447	1
70740919	1
70756379	1
70771853	1
70787314	1
70802789	1
70818248	1
70860763	1
70876210	1
70891699	1
70907145	1
70922634	1
70938079	1
70953568	1
70969015	1
70984504	1
70999949	1
71042467	1
71057919	1
71073401	1
71088855	1
71104336	1
71119791	1
71135270	1
71150727	1
71166204	1
71181661	1
71224163	1
71239640	1
71255097	1
71270575	1
71286030	1
71301511	1
71316964	1
71332446	1
71347898	1
71363380	1
71405863	1
71421352	1
71436797	1
71452286	1
71467733	1
71483221	1
71498666	1
71514155	1
71529602	1
71545091	1
71587576	1
71603052	1
71618512	1
71633986	1
71649446	1
71664920	1
71680383	1
71695854	1
71711319	1
71726789	1
71769295	1
71784747	1
71800231	1
71815681	1
71831166	1
71846615	1
71862102	1
71877550	1
71893036	1
71908485	1
71951004	1
71966452	1
71981940	1
71997388	1
72012874	1
72028322	1
72043808	1
72059257	1
72074743	1
72090193	1
72132702	1
72148169	1
72163636	1
72179105	1
72194570	1
72210040	1
72225504	1
72240976	1
72256437	1
72271912	1
72314399	1
72329886	1
72345333	1
72360820	1
72376266	1
72391755	1
72407202	1
72422689	1
72438136	1
72453625	1
13337718	2
13359896	2
13375343	2
13390843	2
13406290	2
13421779	2
13437223	2
13452712	2
13526608	2
13542107	2
13577260	2
13592727	2
13608215	2
13623659	2
13639149	2
13654595	2
13670082	2
13685530	2
13701017	2
13716466	2
13751353	2
13766864	2
13782312	2
13797800	2
13813248	2
13828736	2
13844181	2
13859671	2
13875117	2
13890605	2
13927200	2
13942669	2
13958149	2
13973603	2
13989084	2
14004537	2
14020018	2
14035472	2
14050954	2
14066404	2
14102859	2
14127710	2
14143197	2
14162504	2
14177978	2
14193437	2
14208912	2
14224369	2
14239847	2
14255305	2
14289734	2
14305208	2
14320681	2
14336144	2
14351613	2
14367080	2
14382548	2
14398015	2
14413482	2
14428951	2
14463495	2
14478987	2
14494441	2
14509921	2
14525377	2
14540855	2
14556313	2
14571789	2
14645709	2
14661185	2
14698108	2
14713575	2
14729055	2
14744511	2
14759989	2
14775446	2
14790922	2
14806381	2
14821858	2
14837317	2
14872119	2
14887617	2
14903067	2
14918552	2
14934001	2
14949486	2
14964936	2
14980420	2
14995872	2
15011354	2
15047929	2
15063387	2
15078876	2
15094321	2
15109809	2
15125256	2
15140745	2
15156190	2
15171679	2
15187124	2
15221316	2
15236815	2
15252263	2
15267751	2
15283198	2
15298686	2
15314132	2
15329620	2
15345066	2
15360554	2
15394696	2
15410159	2
15425643	2
15441095	2
15456578	2
15472029	2
15487514	2
15502962	2
15518448	2
15533896	2
15570644	2
15586120	2
15601589	2
15617056	2
15632523	2
15647992	2
15663457	2
15678927	2
15694391	2
15709861	2
15744645	2
15760137	2
15775592	2
15791071	2
15806528	2
15822006	2
15837463	2
15852939	2
15868397	2
15942166	2
15978929	2
15994396	2
16009875	2
16025332	2
16040808	2
16056267	2
16071743	2
16087201	2
16102675	2
16118137	2
16671380	2
16686894	2
16702383	2
16717827	2
16733315	2
16748761	2
16764253	2
16783553	2
16799039	2
16814487	2
16857795	2
16873282	2
16888799	2
16908095	2
16923583	2
16939029	2
16954517	2
16969965	2
16985453	2
17000898	2
17037963	2
17053454	2
17068916	2
17084390	2
17099849	2
17115325	2
17130783	2
17146261	2
17161717	2
17177195	2
17213815	2
17229308	2
17244762	2
17260242	2
17275697	2
17291176	2
17306633	2
17322111	2
17337567	2
17353045	2
17387154	2
17402615	2
17418101	2
17433551	2
17449036	2
17464486	2
17479970	2
17495422	2
17510904	2
17526356	2
17562823	2
17578324	2
17593772	2
17609260	2
17624706	2
17640195	2
17655641	2
17671129	2
17686575	2
17702065	2
17738775	2
17754240	2
17769721	2
17785174	2
17800657	2
17816108	2
17831592	2
17847044	2
17862527	2
17877976	2
17914696	2
17930171	2
17945641	2
17961106	2
17976573	2
17992042	2
18007509	2
18022976	2
18038443	2
18053911	2
18090615	2
18106112	2
18121562	2
18137047	2
18152496	2
18167979	2
18183432	2
18198915	2
18214365	2
18229849	2
18266406	2
18281889	2
18297377	2
18312823	2
18328313	2
18343759	2
18359248	2
18374692	2
18390183	2
18405628	2
18440208	2
18455705	2
18471154	2
18486641	2
18502088	2
18517575	2
18533024	2
18548511	2
18563956	2
18579445	2
18613738	2
18629203	2
18644685	2
18660137	2
18675621	2
18691071	2
18706556	2
18722006	2
18737492	2
18752940	2
18787410	2
18802898	2
18818356	2
18833846	2
18849304	2
18864782	2
18880238	2
18895717	2
18911172	2
18926653	2
18961707	2
18977192	2
18992655	2
19008126	2
19023589	2
19039058	2
19054527	2
19069994	2
19093158	2
19116348	2
19150812	2
19166305	2
19181761	2
19197239	2
19220403	2
19235890	2
19251337	2
19273052	2
19288521	2
19303989	2
19338654	2
19354145	2
19369602	2
19392797	2
19408244	2
19423732	2
19446908	2
19466211	2
19481699	2
19504863	2
19539366	2
19554846	2
19570315	2
19585782	2
19601249	2
19616718	2
19632183	2
19647655	2
19663118	2
19678589	2
19714394	2
19729889	2
19749189	2
19772378	2
19787839	2
19803314	2
19818774	2
19834248	2
19849708	2
19865182	2
19899562	2
19915069	2
19984234	2
19999774	2
20015263	2
20030708	2
20046198	2
20061643	2
20077132	2
20092578	2
20726278	2
20741855	2
20770160	2
20785657	2
20801166	2
20816690	2
20836015	2
20851484	2
20866951	2
20882416	2
20917076	2
20932548	2
20948030	2
20963482	2
20978962	2
20994418	2
21009896	2
21025353	2
21040830	2
21056287	2
21092902	2
21108403	2
21123850	2
21139339	2
21154784	2
21170273	2
21185720	2
21201207	2
21216654	2
21232142	2
21266674	2
21282130	2
21297620	2
21313065	2
21328554	2
21344001	2
21359490	2
21374937	2
21390425	2
21405870	2
21439964	2
21455461	2
21470909	2
21486397	2
21501843	2
21517331	2
21532778	2
21548266	2
21563712	2
21579200	2
21613751	2
21629215	2
21644698	2
21660150	2
21675634	2
21691084	2
21706567	2
21722018	2
21737503	2
21752954	2
21789452	2
21804927	2
21820396	2
21835863	2
21851332	2
21866799	2
21882265	2
21897734	2
21913198	2
21928669	2
29610507	2
29626243	2
29641761	2
29657274	2
29672765	2
29688212	2
29707549	2
29723057	2
29738539	2
29753993	2
34121194	2
34136744	2
34152207	2
34171548	2
34186994	2
34202496	2
34217941	2
34233430	2
34248877	2
34264366	2
34816844	2
34832345	2
34847796	2
34863279	2
34878730	2
34894215	2
34909665	2
34925149	2
34940599	2
34956084	2
34990858	2
35006330	2
35021806	2
35037264	2
35052740	2
35068200	2
35083676	2
35099132	2
35114611	2
35130068	2
35164498	2
35179978	2
35195446	2
35210911	2
35226378	2
35241847	2
35257314	2
35272783	2
35288247	2
35303718	2
35337902	2
35353389	2
35368846	2
35389044	2
35404525	2
35427719	2
35443178	2
35458654	2
35474112	2
35489590	2
35524291	2
35539776	2
35555238	2
35570710	2
35586173	2
35601644	2
35617109	2
35632578	2
35655747	2
35671235	2
35705504	2
35720963	2
35736452	2
35759622	2
35778924	2
35794412	2
35809859	2
35825347	2
35848510	2
35863989	2
35898357	2
35913837	2
35929306	2
35944771	2
35960239	2
35975705	2
35991175	2
36006638	2
36029809	2
36045299	2
36079521	2
36094981	2
36110470	2
36125916	2
36141403	2
36156848	2
36172337	2
36187784	2
36203273	2
36218774	2
54273678	2
54289236	2
54304718	2
54320235	2
54335704	2
54358893	2
54374338	2
54389827	2
54407677	2
54423181	2
54466043	2
54481555	2
54497004	2
54512489	2
54527938	2
54543425	2
54558875	2
54574357	2
54589809	2
54605346	2
54640136	2
54655599	2
54671088	2
54686591	2
54702079	2
54717526	2
54733013	2
54748512	2
54764001	2
54779448	2
54814536	2
54830035	2
54845482	2
54860969	2
54876416	2
54891903	2
54907351	2
54922839	2
54938284	2
54953772	2
54987905	2
55003369	2
55018854	2
55049883	2
55065333	2
55084663	2
55100125	2
55115599	2
55131059	2
55146535	2
55180856	2
55196341	2
55211802	2
55227276	2
55242738	2
55258210	2
55273674	2
55289142	2
55304609	2
55320076	2
55354354	2
55369819	2
55385301	2
55400755	2
55416235	2
55431691	2
55447169	2
55462626	2
55478102	2
55493560	2
55527646	2
55543143	2
55558593	2
55574077	2
55589529	2
55605013	2
55620464	2
55635947	2
55651398	2
55666880	2
55709819	2
55725293	2
55740768	2
55756227	2
55771703	2
55787161	2
55802637	2
55818097	2
55833573	2
55849029	2
56217044	2
56232545	2
56251843	2
56267330	2
56282777	2
56298265	2
56313710	2
56329199	2
56344646	2
56360135	2
56394406	2
56409869	2
56425352	2
56440805	2
56456288	2
56471737	2
56487224	2
56502672	2
56518158	2
56533606	2
56568507	2
56583994	2
56618085	2
56633764	2
56649219	2
56668548	2
56683996	2
56699481	2
56714932	2
56730417	2
56764923	2
56780381	2
56795869	2
56811314	2
56826803	2
56842250	2
56857737	2
56873184	2
56888673	2
56904119	2
56938526	2
56954026	2
56969472	2
56984960	2
57012245	2
57027709	2
57043195	2
57058642	2
57074127	2
57089578	2
57123868	2
57139368	2
57154815	2
57170304	2
57193470	2
57208944	2
57224402	2
57239880	2
57255335	2
57270813	2
57305079	2
57320568	2
57336033	2
57351501	2
57366968	2
57382435	2
57397902	2
57413369	2
57428838	2
57444303	2
57478550	2
57494019	2
57509495	2
57524953	2
57540429	2
57555889	2
57571362	2
57586825	2
57602297	2
57617760	2
57659803	2
57675296	2
57690746	2
57706232	2
57721682	2
57737167	2
57752616	2
57768103	2
57783550	2
57799037	2
57833382	2
57848848	2
57864328	2
57879782	2
57895264	2
57910718	2
57926200	2
57941652	2
57957135	2
57972586	2
58006858	2
58022340	2
58037803	2
58053275	2
58068737	2
58084211	2
58099671	2
58115147	2
58130605	2
58146082	2
58180182	2
58195664	2
58211129	2
58226600	2
58242065	2
58257532	2
58273000	2
58288465	2
58303936	2
58319401	2
58353774	2
58369241	2
58384719	2
58400177	2
58415653	2
58431112	2
58446588	2
58462048	2
58477522	2
58492984	2
58527096	2
58542596	2
58558047	2
58573530	2
58588982	2
58604464	2
58619918	2
58635400	2
58650854	2
58666333	2
58700705	2
58716163	2
58731650	2
58747098	2
58762583	2
58778032	2
58793517	2
58808968	2
58824453	2
58839903	2
58874074	2
58889575	2
58905022	2
58920511	2
58935956	2
58951445	2
58966892	2
58982380	2
58997827	2
59013314	2
59047601	2
59063061	2
59078549	2
59093995	2
59109484	2
59124931	2
59140419	2
59155864	2
59171353	2
59186800	2
59221093	2
59236590	2
59252039	2
59267527	2
59282973	2
59298461	2
59313909	2
59329395	2
59344843	2
59360331	2
59395130	2
59410593	2
59426074	2
59441527	2
59457010	2
59472462	2
59487946	2
59503396	2
59518881	2
59534332	2
59898931	2
59914417	2
59929882	2
59945350	2
59960817	2
59976284	2
59991753	2
60007218	2
60022689	2
60038152	2
60072534	2
60088003	2
60103481	2
60118937	2
60134415	2
60149874	2
60165348	2
60180808	2
60196282	2
60211768	2
60245898	2
60261394	2
60276846	2
60292328	2
60307782	2
60323263	2
60338716	2
60354197	2
60369651	2
60385131	2
60419379	2
60434838	2
60450325	2
60465774	2
60481260	2
60496708	2
60512194	2
60527644	2
60543129	2
60558577	2
60598901	2
60614528	2
60629980	2
60645460	2
60660914	2
60676394	2
60691848	2
60707329	2
60722781	2
60738265	2
60773227	2
60788706	2
60804175	2
60819640	2
60835111	2
60850575	2
60866045	2
60881509	2
60896981	2
60912442	2
60946866	2
60962344	2
60977819	2
60993279	2
61008752	2
61024213	2
61039686	2
61055149	2
61070619	2
61086083	2
61120328	2
61135849	2
61151304	2
61166784	2
61182238	2
61197731	2
61213187	2
61228667	2
61244123	2
61259599	2
61293899	2
61309360	2
61324845	2
61340296	2
61355779	2
61371230	2
61386715	2
61402165	2
61417649	2
61433099	2
61467388	2
61482889	2
61498337	2
61513823	2
61529270	2
61544758	2
61560206	2
61575692	2
61591140	2
61606626	2
61640941	2
61656398	2
61671888	2
61687350	2
61702837	2
61718284	2
61733772	2
61749232	2
61764723	2
61780168	2
61814672	2
61830189	2
61849498	2
61868821	2
61888158	2
61903605	2
61919092	2
61934541	2
61950026	2
61965475	2
61999990	2
62015491	2
62030937	2
62046441	2
62061886	2
62077375	2
62092822	2
62108325	2
62123770	2
62139259	2
62173400	2
62188860	2
62204347	2
62219795	2
62235282	2
62250728	2
62266218	2
62289388	2
62304853	2
62320322	2
62354711	2
62370180	2
62385662	2
62401130	2
62416610	2
62432064	2
62447544	2
62463014	2
62478492	2
62493948	2
62528247	2
62543745	2
62559194	2
62574679	2
62590130	2
62605615	2
62621065	2
62636549	2
62651999	2
62667483	2
62701787	2
62717243	2
62732732	2
62748193	2
62763682	2
62779129	2
62794616	2
62810077	2
62825564	2
62841013	2
62875518	2
62891017	2
62906464	2
62921952	2
62937398	2
62952888	2
62968334	2
62983822	2
62999268	2
63014758	2
63049675	2
63065137	2
63080622	2
63096087	2
63111573	2
63127021	2
63142509	2
63157969	2
63173457	2
63188903	2
63897543	2
63913035	2
63928527	2
63944007	2
63959491	2
63974953	2
63990425	2
64005885	2
64021362	2
64036819	2
64074195	2
64089667	2
64105151	2
64120616	2
64136098	2
64151552	2
64167033	2
64182502	2
64197982	2
64213436	2
9516062	3
9538647	3
9554134	3
9569599	3
9585067	3
9600532	3
9616005	3
9631468	3
9646941	3
9662402	3
11056600	3
11072302	3
11087775	3
11103265	3
11118723	3
11134198	3
11149659	3
11165133	3
11180593	3
11196067	3
11230864	3
11246347	3
11265684	3
11281129	3
11296618	3
11312065	3
11327552	3
11343000	3
11358487	3
11373933	3
11408592	3
11424091	3
11439538	3
11455025	3
11470472	3
11485961	3
11501408	3
11516895	3
11532342	3
11547830	3
11582128	3
11597595	3
11613078	3
11628528	3
11644014	3
11659464	3
11674947	3
11690398	3
11705885	3
11721333	3
11755474	3
11770963	3
11786418	3
11801896	3
11817350	3
11832832	3
11848286	3
11863768	3
11879220	3
11894702	3
11928669	3
11944143	3
11959616	3
11975077	3
11990552	3
12012548	3
12027999	3
12047336	3
12062782	3
12078271	3
12112540	3
12128002	3
12143487	3
12158937	3
12174423	3
12197600	3
12213054	3
12228532	3
12243990	3
12259467	3
12293875	3
12309340	3
12324826	3
12340276	3
12355762	3
12371212	3
12386695	3
12402145	3
12417629	3
12433081	3
12468059	3
12483559	3
12499006	3
12514495	3
12529941	3
12545430	3
12560875	3
12576364	3
12602408	3
12617885	3
12652337	3
12667839	3
12683289	3
12698773	3
12714223	3
12729707	3
12745159	3
12760640	3
12776094	3
12791574	3
12825843	3
12841303	3
12856790	3
12872238	3
12887724	3
12903172	3
12918657	3
12934108	3
12949593	3
12965042	3
12999199	3
13014701	3
13030146	3
13045635	3
13061080	3
13076569	3
13092015	3
13107502	3
13122949	3
13138436	3
13172795	3
13188250	3
13203740	3
13219184	3
13234673	3
13250117	3
13265607	3
13281053	3
13296543	3
13311989	3
16145204	3
16160687	3
16176191	3
16191669	3
16210994	3
16226463	3
16241930	3
16257396	3
16272865	3
16288330	3
16323667	3
16339137	3
16354620	3
16370073	3
16385555	3
16401008	3
16416489	3
16431942	3
16447422	3
16462880	3
16496894	3
16512391	3
16527841	3
16543326	3
16558776	3
16574260	3
16589712	3
16615252	3
16630913	3
16646385	3
20477730	3
20493235	3
20508735	3
20524264	3
20543592	3
20559042	3
20574528	3
20589976	3
20613914	3
20684449	3
26440128	3
26455979	3
26471455	3
26490786	3
26506245	3
26521734	3
26537194	3
26560363	3
26579701	3
26595148	3
26634022	3
26649510	3
26664984	3
26688148	3
26707482	3
26722936	3
26742263	3
26757732	3
26773200	3
26796389	3
26831410	3
26846874	3
26862359	3
26877808	3
26893293	3
26908741	3
26924228	3
26947404	3
26962860	3
26978337	3
27013411	3
27028869	3
27044357	3
27059820	3
27075307	3
27090754	3
27106241	3
27121712	3
27137211	3
27160374	3
27195640	3
27211146	3
27226613	3
27242078	3
27257547	3
27273030	3
27296223	3
27311667	3
27327156	3
27342625	3
27377701	3
27393197	3
27408648	3
27424152	3
27443456	3
27458933	3
27482112	3
27497571	3
27513058	3
27528506	3
27563112	3
27578635	3
27594081	3
27609571	3
27625015	3
27640519	3
27655964	3
27671455	3
27686900	3
27702403	3
27736764	3
27752223	3
27767712	3
27790885	3
27806343	3
27821819	3
27837279	3
27852753	3
27868216	3
27891408	3
27926170	3
27941635	3
27957117	3
27980298	3
27995747	3
28011246	3
28026699	3
28042180	3
28057634	3
28073130	3
28107345	3
28122805	3
28145999	3
28161464	3
28176943	3
28192399	3
28207879	3
28223348	3
28238828	3
28254282	3
28289071	3
28304572	3
28320041	3
28343211	3
28358699	3
28374181	3
28389671	3
28412837	3
28428309	3
28443785	3
28478030	3
28493523	3
28508999	3
28524475	3
28539949	3
28555413	3
28578604	3
28647174	3
28662658	3
28681979	3
28717194	3
28732695	3
28748143	3
28763632	3
28779078	3
28794566	3
28810014	3
28825500	3
28851100	3
28898135	3
28961966	3
28977472	3
29000633	3
29016173	3
29031619	3
29047109	3
29062557	3
29078102	3
29093548	3
29116741	3
29151378	3
29178483	3
29201677	3
29224839	3
29240314	3
29255773	3
29271251	3
29290572	3
29306032	3
29329225	3
29388258	3
29405019	3
29444034	3
29467207	3
29490399	3
29505859	3
29529030	3
29548368	3
29563814	3
29579304	3
37755264	3
37770928	3
37786397	3
37805722	3
37821196	3
37836713	3
37852184	3
37867647	3
37883118	3
37898583	3
37933265	3
37948769	3
37964220	3
37979702	3
37995156	3
38010636	3
38026090	3
38041570	3
38057026	3
38072505	3
38106988	3
38122448	3
38137936	3
38153383	3
38168870	3
38184317	3
38199802	3
38215253	3
38233164	3
38248625	3
38282773	3
38298274	3
38313720	3
38329261	3
38344708	3
38360197	3
38375644	3
38391185	3
38406631	3
38422120	3
38456429	3
38471887	3
38487373	3
38502823	3
38518309	3
38533757	3
38549243	3
38564692	3
38580179	3
38595626	3
38629741	3
38645234	3
38660688	3
38676224	3
38691677	3
38707160	3
38722611	3
38738147	3
38753599	3
38769083	3
38803359	3
38818832	3
38834306	3
38849765	3
38865241	3
38880699	3
38896177	3
38911633	3
38927111	3
38942568	3
38976793	3
38992274	3
39007743	3
39023264	3
39038731	3
39054200	3
39069665	3
39085187	3
39100653	3
39116123	3
39150432	3
39165920	3
39181378	3
39196854	3
39212314	3
39227788	3
39243249	3
39258722	3
39274185	3
39289656	3
39323760	3
39339223	3
39354706	3
39370213	3
39385695	3
39401149	3
39416628	3
39432136	3
39447616	3
39463072	3
39497369	3
39512869	3
39528318	3
39543803	3
39559252	3
39574737	3
39590187	3
39605672	3
39621121	3
39636606	3
39670749	3
39686208	3
39701696	3
39717142	3
39732631	3
39748077	3
39763565	3
39779011	3
39794499	3
39809947	3
39844240	3
39859740	3
39875187	3
39890676	3
39906121	3
39921610	3
39937056	3
39952545	3
39967990	3
39983479	3
40017575	3
40033034	3
40048522	3
40063970	3
40079458	3
40094904	3
40110392	3
40125837	3
40141327	3
40156773	3
40191053	3
40206548	3
40222001	3
40237484	3
40252932	3
40268418	3
40291595	3
40307049	3
40322529	3
40337985	3
40372150	3
40387653	3
40403102	3
40418587	3
40434035	3
40449521	3
40464969	3
40480454	3
40495907	3
40511390	3
40545702	3
40561161	3
40576649	3
40597130	3
40612631	3
40628084	3
40643572	3
40659020	3
40674506	3
40689955	3
40724245	3
40739753	3
40755208	3
40770688	3
40786142	3
40801624	3
40817076	3
40832558	3
40848012	3
40863491	3
40897915	3
40913393	3
40928863	3
40944327	3
40959799	3
40975260	3
40990735	3
41006194	3
41021670	3
41037128	3
41071254	3
41086726	3
41102198	3
41117662	3
41133132	3
41148597	3
41164066	3
41179533	3
41195000	3
41210469	3
41244836	3
41260327	3
41275781	3
41291261	3
41306717	3
41322195	3
41337651	3
41353128	3
41368588	3
41384062	3
41418886	3
41434346	3
41449831	3
41469135	3
41484624	3
41500069	3
41515560	3
41538730	3
41561898	3
41577388	3
41611817	3
41627291	3
41642777	3
41658225	3
41673712	3
41689161	3
41704648	3
41720095	3
41735582	3
41751028	3
41785163	3
41800658	3
41816109	3
41831594	3
41847044	3
41862528	3
41877977	3
41901281	3
41916763	3
41936062	3
41970416	3
41985917	3
42001363	3
42016851	3
42032297	3
42047786	3
42063232	3
42078720	3
42094166	3
42109656	3
42143785	3
42159246	3
42174733	3
42190182	3
42205669	3
42221116	3
42236603	3
42252052	3
42267539	3
42282985	3
42317524	3
42333013	3
42348467	3
42363947	3
42379401	3
42394884	3
42410336	3
42425818	3
42441270	3
42456754	3
42491043	3
42506517	3
42521991	3
42537451	3
42552925	3
42568385	3
42583861	3
42599317	3
42614794	3
42630252	3
42664592	3
42680066	3
42695535	3
42711000	3
42726468	3
42741935	3
42757402	3
42772871	3
42788336	3
42803807	3
42838050	3
42853541	3
42876705	3
42892201	3
42907648	3
42923137	3
42938582	3
42954071	3
42969517	3
42985006	3
43019562	3
43035033	3
43050516	3
43065968	3
43081452	3
43096900	3
43112387	3
43127836	3
43143321	3
43158770	3
43192854	3
43208345	3
43223801	3
43239281	3
43254735	3
43270216	3
43285668	3
43301150	3
43316604	3
43332086	3
43366410	3
43381885	3
43397357	3
43412818	3
43428291	3
43443752	3
43459227	3
43474686	3
43490162	3
43505620	3
43539753	3
43555226	3
43570697	3
43586162	3
43601630	3
43617097	3
43632565	3
43648034	3
43663499	3
43678968	3
43713427	3
43728919	3
43744375	3
43759853	3
43775309	3
43790787	3
43806245	3
43821721	3
43837180	3
43852655	3
43886920	3
43902383	3
43917867	3
43933319	3
43948800	3
43964253	3
43979736	3
43995188	3
44010670	3
44026124	3
44061119	3
44076618	3
44092065	3
44107552	3
44122999	3
44138486	3
44153933	3
44177128	3
44192584	3
44208064	3
44242367	3
44257852	3
44273319	3
44288786	3
44304253	3
44319719	3
44335190	3
44350653	3
44366124	3
44381587	3
44415947	3
44431415	3
44446892	3
44462351	3
44477825	3
44493287	3
44508759	3
44524220	3
44539693	3
44555156	3
44589804	3
44634665	3
44650154	3
44669486	3
44684935	3
44700422	3
44715871	3
44731356	3
44746804	3
44762290	3
44796860	3
44812316	3
44827807	3
44843252	3
44858742	3
44874187	3
44889676	3
44905121	3
44920610	3
44936057	3
44970256	3
44985755	3
45001203	3
45016691	3
45032137	3
45047625	3
45063071	3
45078560	3
45094006	3
45109494	3
45143960	3
45159421	3
45174906	3
45190357	3
45205842	3
45221291	3
45236778	3
45252224	3
45267711	3
45283158	3
45317541	3
45333031	3
45348487	3
45363969	3
45379421	3
45394903	3
45410355	3
45425838	3
45441289	3
45456772	3
45491840	3
45507323	3
45522794	3
45538257	3
45553727	3
45569191	3
45584663	3
45600124	3
45615599	3
45631058	3
45665427	3
45680897	3
45696371	3
45711833	3
45727306	3
45742769	3
45758239	3
45773704	3
45789173	3
45804638	3
45839045	3
45854540	3
45869992	3
45885473	3
45900927	3
45916407	3
45931863	3
45947341	3
45962799	3
45978277	3
46012644	3
46028106	3
46043591	3
46059041	3
46074527	3
46089977	3
46105462	3
46120913	3
46136396	3
46151847	3
46186193	3
46201694	3
46217142	3
46232628	3
46248075	3
46263563	3
46279011	3
46294497	3
46309945	3
46325431	3
46359611	3
46375066	3
46390555	3
46410139	3
46425624	3
46441074	3
46456559	3
46472010	3
46487495	3
46502944	3
46537226	3
46552711	3
46568169	3
46583646	3
46599104	3
46614582	3
46630038	3
46645516	3
46660972	3
46676452	3
46710797	3
46726273	3
46741742	3
46757207	3
46772678	3
46795862	3
46815160	3
46830646	3
46846094	3
46861580	3
46896033	3
46911503	3
46926983	3
46942439	3
46957919	3
46973373	3
46988854	3
47004307	3
47019788	3
47035241	3
47072026	3
47087508	3
47102985	3
47118443	3
47133917	3
47149379	3
47164851	3
47180315	3
47195785	3
47211250	3
47245341	3
47260844	3
47276297	3
47291778	3
47307232	3
47322712	3
47338168	3
47353646	3
47369102	3
47384580	3
47419391	3
47434849	3
47450335	3
47465783	3
47481269	3
47496719	3
47512203	3
47527653	3
47543139	3
47558588	3
48649200	3
48664723	3
48680213	3
48699543	3
48714992	3
48730475	3
48745928	3
48761411	3
48776862	3
48792347	3
48835796	3
48851283	3
48866750	3
48882217	3
48897688	3
48913151	3
48928623	3
48944085	3
48959559	3
48975018	3
49012308	3
49027769	3
49043257	3
49058706	3
49074189	3
49089640	3
49105124	3
49120576	3
49136058	3
49151510	3
49188292	3
49203794	3
49219241	3
49234730	3
49250175	3
49265663	3
49281110	3
49296599	3
49312044	3
49327533	3
49364015	3
49379476	3
49394958	3
49410408	3
49425892	3
49441342	3
49456827	3
49472276	3
49487761	3
49503212	3
49537540	3
49553027	3
49568487	3
49583963	3
49599422	3
49614898	3
49630356	3
49645832	3
49661290	3
49676768	3
49711078	3
49726556	3
49742023	3
49757490	3
49772958	3
49788423	3
49803894	3
49819359	3
49834830	3
49850291	3
49884790	3
49900257	3
49915733	3
49931191	3
49946665	3
49962127	3
49977601	3
49993062	3
50008535	3
50023998	3
50058294	3
50073786	3
50089237	3
50104718	3
50120172	3
50135654	3
50151106	3
50166588	3
50182042	3
50197521	3
50232062	3
50247520	3
50263005	3
50278453	3
50293940	3
50309389	3
50324874	3
50340325	3
50355808	3
50371259	3
