139230	0
154738	0
170239	0
185683	0
201171	0
216615	0
232104	0
247548	0
263040	0
286198	0
301667	0
317126	0
332600	0
348058	0
363534	0
378990	0
394466	0
409922	0
425400	0
440856	0
456336	0
471788	0
487268	0
502721	0
518202	0
533653	0
549135	0
564587	0
580069	0
595519	0
611002	0
626451	0
707500	0
722989	0
738465	0
753923	0
769399	0
784854	0
800331	0
815785	0
831264	0
846715	0
862194	0
877647	0
893128	0
908579	0
924062	0
939512	0
954994	0
970444	0
985930	0
1001378	0
1016863	0
1032310	0
1047795	0
1063243	0
1078729	0
1094175	0
1109663	0
1125109	0
1140595	0
1156041	0
1171529	0
1186975	0
1202462	0
1217907	0
1233396	0
1248841	0
1264328	0
1279774	0
1295261	0
1310706	0
1326195	0
1341640	0
1357127	0
1372572	0
1388061	0
1403506	0
1418993	0
1434439	0
1449927	0
1465371	0
1480859	0
1496305	0
1511793	0
1527239	0
1542727	0
1558172	0
1573659	0
1589106	0
1604591	0
1620040	0
1635525	0
1650972	0
1666455	0
1681906	0
1697389	0
1712840	0
1728321	0
1743774	0
1759253	0
1774707	0
1790187	0
1805641	0
1821119	0
1836574	0
1852051	0
1867508	0
1882985	0
1898442	0
1913916	0
1929376	0
2001939	0
2017445	0
2032893	0
2052227	0
2067691	0
2083161	0
2098623	0
2114095	0
2129555	0
2145029	0
2160487	0
2175963	0
2191419	0
2206896	0
2222351	0
2237830	0
2253285	0
2268763	0
2284217	0
2299697	0
2315149	0
2330631	0
2346081	0
2361565	0
2377013	0
2392498	0
2407947	0
2423430	0
2438879	0
2454364	0
2469813	0
2485298	0
2500745	0
2516232	0
2531680	0
2547166	0
2562612	0
2593838	0
2609346	0
2624792	0
2640280	0
2655726	0
2671213	0
2686658	0
2702145	0
2717591	0
2733078	0
2748523	0
2764010	0
2779457	0
2794944	0
2810389	0
2825878	0
2841323	0
2856810	0
2872255	0
2887744	0
2903190	0
2918676	0
2934122	0
2949610	0
2965056	0
2980542	0
2995989	0
3011475	0
3026921	0
3042408	0
3057855	0
3073340	0
3088789	0
3104272	0
3119721	0
3135206	0
3150655	0
3166138	0
3181589	0
3197070	0
3212522	0
3228004	0
3302119	0
3317604	0
3333076	0
3348536	0
3364010	0
3379468	0
3394944	0
3410402	0
3425878	0
3441334	0
3456811	0
3472267	0
3487745	0
3503199	0
3518679	0
3534131	0
3549613	0
3565064	0
3580545	0
3595996	0
3611479	0
3626928	0
3642413	0
3657862	0
3673345	0
3688794	0
3704281	0
3719728	0
3735213	0
3750660	0
3766147	0
3781594	0
3797079	0
3812526	0
3828015	0
3843461	0
3858948	0
3874393	0
3889882	0
3905329	0
3920816	0
3936262	0
3951750	0
3967194	0
3982682	0
3998128	0
4013616	0
4029060	0
4044549	0
4059994	0
4075481	0
4090927	0
4106413	0
4121859	0
4137345	0
4152791	0
4168277	0
4183725	0
4212064	0
4227542	0
4250701	0
4266186	0
4281631	0
4297120	0
4312566	0
4350902	0
4375994	0
4411082	0
4451108	0
4486422	0
4501872	0
4517355	0
4594995	0
4610503	0
4633675	0
4656832	0
4672319	0
4687766	0
4703252	0
4718698	0
4734186	0
4749630	0
4765118	0
4780564	0
4796053	0
4811498	0
4826985	0
4842430	0
4857919	0
4873364	0
4888851	0
4904298	0
4919785	0
4935230	0
4950772	0
4966217	0
4981704	0
4997151	0
5012640	0
5028084	0
5043572	0
5059018	0
5074506	0
5089952	0
5105438	0
5120885	0
5136372	0
5151817	0
5167304	0
5182751	0
5198236	0
5213685	0
5229168	0
5244619	0
5260102	0
5275553	0
5291036	0
5306487	0
5321968	0
5337419	0
5352900	0
5368352	0
5383832	0
5399288	0
5414766	0
5430222	0
5445698	0
5461155	0
5476630	0
5492087	0
5507563	0
5523021	0
5538495	0
5553956	0
5569427	0
5584890	0
5600359	0
5615824	0
5631293	0
5646758	0
5662225	0
5677692	0
5693157	0
5708625	0
5724089	0
5739559	0
5755021	0
5770493	0
5785953	0
5801427	0
5816885	0
8476161	0
8491642	0
8514832	0
8530279	0
8545766	0
8561209	0
8576696	0
8592142	0
8607626	0
8623072	0
8638560	0
8654006	0
8669494	0
8684940	0
8700425	0
8715870	0
8731357	0
8746804	0
8762291	0
8777738	0
8793225	0
8808670	0
8824157	0
8839618	0
8855103	0
8870550	0
8886037	0
8901498	0
8916984	0
8932432	0
8947916	0
8963366	0
8978849	0
8994300	0
9009780	0
9025232	0
9040713	0
9056164	0
9071644	0
9087098	0
9102577	0
9118032	0
9133508	0
9148963	0
9164440	0
9179896	0
9195373	0
9210846	0
9226320	0
9241779	0
9257252	0
9272728	0
9288201	0
9303666	0
9319134	0
9334612	0
9350081	0
9365546	0
9381013	0
9396496	0
9411958	0
9427428	0
9442892	0
9458377	0
9473838	0
9489311	0
9504770	0
9520259	0
12207541	0
12223313	0
12238782	0
12254294	0
12273617	0
12292952	0
12308399	0
12323938	0
12339385	0
12354870	0
12370319	0
12385804	0
12401254	0
12416738	0
12432187	0
12447670	0
12463119	0
12478602	0
12494053	0
12509535	0
12524987	0
12540469	0
12555921	0
12571401	0
12586855	0
12602333	0
12617787	0
12633266	0
12648721	0
12664198	0
12679654	0
12695130	0
12710588	0
12726062	0
12741522	0
12756994	0
12772456	0
12787926	0
12803391	0
12818859	0
12834324	0
12849791	0
12865258	0
12880723	0
12896192	0
12911655	0
12927126	0
12942589	0
12958061	0
12973521	0
12988995	0
13004453	0
13019927	0
13035387	0
13050861	0
13066319	0
13081795	0
13097251	0
13112729	0
13128183	0
13143663	0
13159116	0
13174596	0
13190048	0
13205530	0
13220982	0
13236464	0
13251914	0
13267397	0
13282847	0
13298331	0
13321510	0
13340816	0
13356303	0
13375606	0
13391093	0
13406540	0
13422027	0
16080234	0
16095706	0
16118889	0
16142086	0
16165266	0
16188429	0
16211613	0
16234808	0
16250254	0
16265742	0
16281188	0
16296674	0
16312120	0
16327607	0
16343053	0
16358540	0
16373985	0
16395838	0
16419030	0
16442196	0
16465368	0
16480855	0
16496302	0
16511789	0
16527234	0
16542721	0
16558166	0
16573654	0
16589100	0
16604586	0
16620034	0
16635519	0
16650968	0
16666451	0
16681902	0
16697383	0
16712836	0
16728317	0
16743769	0
16759249	0
16774703	0
16790183	0
16805637	0
16821115	0
16836576	0
16852054	0
16867510	0
16882988	0
16906148	0
16921630	0
16937076	0
16952564	0
16968008	0
16983496	0
16998942	0
17014430	0
17029876	0
17045363	0
17060808	0
17076297	0
17091742	0
17107229	0
17122674	0
17138162	0
17153607	0
17169096	0
17184539	0
17200028	0
17215473	0
17230960	0
17246408	0
17261892	0
17277340	0
17292826	0
17308274	0
19788596	0
19804078	0
19827275	0
19850447	0
19865910	0
19881379	0
19896844	0
19912312	0
19927777	0
19943244	0
19958711	0
19974176	0
19989647	0
20005108	0
20020579	0
20036041	0
20051513	0
20066973	0
20082447	0
20097905	0
20113381	0
20128837	0
20144315	0
20159771	0
20175249	0
20190703	0
20206183	0
20221635	0
20237115	0
20252569	0
20268050	0
20283501	0
20298984	0
20322165	0
20337617	0
20353099	0
20368551	0
20384031	0
20407195	0
20422680	0
20438127	0
20453614	0
20469060	0
20484548	0
20499994	0
20523179	0
20546374	0
20565681	0
20588856	0
20604341	0
20619791	0
20635275	0
20650725	0
20670065	0
20685524	0
20701013	0
20716458	0
20731947	0
20747445	0
20762933	0
20778379	0
20793865	0
20809365	0
20824853	0
20848020	0
20867343	0
20882874	0
20898330	0
20913806	0
20929264	0
20944791	0
20960252	0
20975724	0
20991186	0
21006656	0
23676102	0
23691580	0
23707056	0
23726377	0
23741837	0
23757309	0
23772769	0
23788241	0
23803703	0
23819173	0
23834639	0
23850107	0
23865572	0
23881039	0
23896507	0
23911986	0
23927455	0
23942918	0
23958388	0
23973865	0
23989337	0
24004796	0
24020271	0
24035730	0
24051205	0
24066663	0
24089837	0
24105323	0
24120770	0
24136255	0
24151702	0
24174901	0
24190354	0
24205836	0
24229015	0
24244478	0
24259964	0
24283126	0
24298611	0
24314095	0
24337279	0
24360475	0
24375923	0
24391425	0
24406874	0
24422359	0
24437807	0
24453343	0
24472653	0
24495828	0
24519017	0
24534482	0
24557661	0
24580851	0
24596298	0
24611799	0
24634978	0
24650428	0
24673625	0
24689091	0
24712273	0
24735471	0
24750919	0
24766461	0
24781908	0
24805095	0
24828293	0
24843756	0
24859241	0
24874688	0
24890177	0
27706545	0
27722095	0
27737572	0
27756892	0
27772407	0
27787878	0
27803343	0
27818811	0
27834334	0
27857524	0
27872969	0
27896161	0
27911680	0
27927150	0
27942612	0
27965785	0
27981330	0
28004494	0
28019968	0
28035428	0
28050904	0
28066361	0
28089537	0
28112732	0
28128186	0
28143666	0
28159118	0
28174600	0
28197782	0
28213231	0
28228714	0
28244161	0
28259639	0
28275090	0
28290573	0
28313736	0
28329220	0
28352399	0
28367854	0
28383333	0
28406495	0
28421983	0
28437428	0
28452916	0
28476088	0
28491550	0
28514743	0
28530187	0
28545677	0
28561121	0
28584312	0
28599779	0
28615312	0
28630777	0
28646246	0
28669438	0
28684883	0
28700371	0
28715815	0
28731305	0
28746805	0
28769999	0
28793186	0
28816352	0
28831900	0
28855083	0
28878249	0
28901426	0
28916970	0
31616889	0
31632697	0
31655865	0
31671366	0
31686812	0
31702300	0
31717746	0
31733248	0
31748693	0
31764180	0
31779626	0
31795114	0
31810558	0
31826048	0
31841492	0
31856980	0
31872426	0
31887914	0
31903358	0
31918846	0
31934292	0
31949779	0
31965225	0
31980712	0
31996159	0
32011646	0
32027091	0
32042578	0
32058025	0
32073512	0
32088959	0
32104444	0
32119893	0
32135376	0
32150827	0
32166310	0
32181759	0
32197242	0
32212693	0
32228176	0
32243627	0
32259108	0
32274561	0
32290041	0
32305495	0
32320973	0
32336429	0
32351906	0
32367362	0
32382838	0
32398296	0
32413770	0
32429230	0
32444702	0
32460164	0
32475634	0
32491098	0
32506566	0
32522032	0
32537498	0
32552965	0
32568430	0
32583899	0
32599363	0
32614834	0
32630295	0
32645768	0
32661229	0
32676702	0
32692161	0
32707635	0
32723095	0
32738569	0
32754027	0
32769503	0
32784959	0
32800437	0
32815891	0
32831371	0
34204753	0
34220226	0
34243403	0
34266594	0
34289771	0
34312936	0
34336122	0
34359318	0
34382492	0
34405657	0
34428846	0
34444316	0
34459779	0
34475247	0
34490712	0
34506179	0
34521646	0
34537113	0
34552580	0
34572905	0
34588375	0
34611570	0
34627023	0
34642506	0
34657954	0
34673438	0
34688888	0
34704372	0
34719821	0
34735306	0
34750753	0
34766239	0
34781687	0
34797172	0
34812619	0
34828106	0
34843551	0
34859040	0
34874485	0
34889972	0
34905417	0
34920906	0
34936351	0
34951840	0
34967285	0
34982772	0
34998218	0
35013705	0
35029151	0
35044639	0
35060083	0
35075571	0
35091017	0
35106505	0
35121951	0
35137439	0
35152883	0
35168370	0
35183817	0
35199304	0
35214749	0
35230236	0
35245683	0
35261170	0
35276635	0
35292118	0
35307567	0
35323052	0
35338513	0
35353999	0
35369447	0
35384931	0
35400381	0
35415864	0
36780268	0
36795780	0
36818952	0
36842119	0
36865311	0
36888503	0
36911671	0
36934843	0
36958036	0
36981222	0
36996667	0
37012156	0
37027601	0
37043088	0
37058535	0
37074020	0
37089469	0
37104954	0
37120402	0
37135886	0
37151335	0
37166820	0
37182290	0
37197774	0
37213224	0
37228707	0
37244184	0
37267379	0
37282829	0
37298313	0
37313776	0
37329260	0
37344710	0
37360195	0
37375658	0
37391146	0
37414321	0
37437485	0
37453027	0
37468471	0
37483960	0
37507132	0
37522645	0
37538118	0
37553580	0
37569052	0
37584566	0
37600037	0
37623205	0
37646395	0
37661913	0
37677382	0
37692845	0
37708316	0
37723833	0
37739304	0
37754765	0
37770238	0
37785697	0
37801173	0
37816629	0
37832105	0
37855293	0
37874594	0
37890085	0
37909388	0
37924869	0
37940323	0
37955803	0
4829595	1
4849749	1
4883462	1
4898942	1
4922141	1
4945316	1
4968481	1
4991669	1
5014863	1
5038036	1
5061203	1
5076690	1
5092135	1
5107623	1
5123067	1
5138557	1
5154001	1
5174474	1
5197656	1
5220821	1
5243999	1
5259483	1
5274933	1
5290415	1
5305867	1
5321347	1
5336801	1
5352281	1
5367735	1
5383213	1
5398669	1
5414145	1
5429602	1
5445077	1
5460536	1
5476009	1
5491470	1
5506941	1
5522405	1
5537873	1
5553339	1
5568805	1
5584272	1
5599739	1
5615206	1
5630671	1
5646140	1
5661603	1
5677074	1
5692535	1
5708008	1
5723467	1
5738941	1
5754399	1
5769875	1
5785331	1
5800807	1
5816263	1
5831741	1
5847196	1
5862675	1
5878130	1
5901309	1
5916795	1
5932244	1
5947727	1
5963176	1
5978661	1
5994110	1
6009594	1
6025044	1
6040526	1
6055978	1
6071458	1
6086912	1
6102390	1
6117846	1
6133323	1
6148779	1
6164255	1
6179713	1
6195187	1
6210647	1
6226121	1
6241579	1
6257053	1
6272513	1
6287985	1
6303448	1
6318916	1
6334381	1
6349850	1
6365315	1
6380782	1
6396249	1
6411714	1
6427183	1
6442646	1
6458117	1
6473578	1
6489051	1
6504510	1
6519984	1
6535442	1
6550918	1
6575311	1
6590766	1
6606263	1
6621709	1
6637196	1
6652641	1
6668128	1
6683574	1
6699061	1
6714506	1
6729993	1
6745440	1
6760925	1
6776374	1
6791859	1
6807308	1
6822791	1
6838242	1
6853725	1
6869175	1
6884657	1
6900108	1
6915589	1
6931040	1
6946523	1
6961974	1
6977454	1
6992908	1
7008386	1
7023842	1
7039320	1
7054776	1
7070252	1
7085711	1
7101184	1
7116645	1
7132118	1
7155285	1
7170772	1
7190077	1
7205559	1
7228741	1
7244192	1
7259673	1
7275125	1
7290605	1
7306057	1
7321537	1
7336991	1
7352471	1
7367926	1
7383403	1
7398858	1
7414335	1
7429792	1
7445268	1
7460727	1
7476200	1
7491659	1
7507132	1
7522593	1
7538066	1
7553527	1
7568998	1
7584461	1
7599930	1
7615395	1
7630862	1
7646330	1
7661794	1
7677264	1
7692726	1
7708198	1
7723659	1
7739132	1
7754592	1
7770066	1
7785524	1
7800999	1
7816456	1
7831932	1
7847388	1
7862866	1
7878322	1
7893802	1
7909254	1
7924736	1
7940186	1
7955670	1
7971120	1
7986603	1
8002054	1
8017535	1
8032986	1
8048469	1
8063918	1
8079403	1
8094851	1
8110337	1
8125785	1
8141271	1
8156717	1
8172203	1
8187649	1
8203136	1
8218582	1
8234071	1
8249514	1
8265003	1
8280448	1
8295935	1
8311382	1
8326869	1
8342314	1
8357803	1
8373248	1
8388735	1
8404180	1
8419669	1
8435113	1
8450602	1
8473767	1
8489239	1
8504701	1
8520173	1
8535633	1
8551107	1
8566565	1
8582042	1
8605225	1
8620673	1
8636159	1
8651606	1
8667092	1
8682540	1
8698024	1
8713472	1
8728956	1
8744406	1
8759889	1
8775340	1
8790821	1
8806274	1
8821753	1
8844920	1
8864253	1
8879715	1
8899036	1
8914514	1
8929970	1
8945446	1
8960905	1
8976380	1
8991837	1
9007312	1
9022771	1
9038244	1
9053706	1
9069177	1
9084640	1
9100109	1
9115575	1
9131041	1
9146507	1
9161974	1
9177443	1
9196770	1
9212222	1
9231729	1
9254898	1
9278070	1
9293560	1
9309005	1
9324492	1
9339937	1
9355425	1
9378591	1
9401766	1
9417250	1
9432698	1
9448199	1
9463646	1
9479131	1
9502296	1
9517795	1
9533245	1
9548728	1
9565431	1
9580925	1
9596379	1
9611861	1
9627311	1
9642795	1
9658245	1
9681426	1
9696907	1
9712360	1
9735555	1
9751004	1
9766489	1
9781937	1
9805120	1
9820598	1
9843762	1
9859249	1
9874695	1
9890183	1
9913354	1
9928816	1
9944286	1
9959750	1
9982943	1
10006113	1
10029283	1
10044770	1
10060217	1
10075720	1
10098886	1
10114359	1
10137547	1
10153004	1
10176201	1
10191659	1
10207135	1
10222591	1
10245768	1
10261254	1
10284418	1
10299899	1
10315352	1
10330833	1
10346285	1
10361781	1
10377232	1
10392714	1
10408164	1
10423665	1
10446842	1
10470005	1
10485491	1
10500939	1
10516425	1
10531871	1
10547357	1
10562803	1
21639249	1
21654775	1
21687867	1
21703430	1
21726600	1
21749761	1
21772943	1
21796133	1
21819303	1
21834766	1
21850235	1
21865700	1
21881167	1
21896634	1
21912099	1
21927568	1
21943033	1
21958503	1
21973965	1
21989437	1
22004897	1
22020369	1
22035830	1
22051303	1
22066762	1
22082238	1
22097694	1
22113171	1
22128627	1
22144105	1
22159559	1
22175039	1
22190493	1
22205973	1
22221425	1
22236909	1
22252359	1
22267841	1
22283291	1
22298774	1
22314225	1
22329708	1
22345157	1
22360642	1
22376090	1
22391576	1
22407024	1
22422510	1
22437956	1
22453443	1
22468889	1
22484375	1
22499821	1
22515308	1
22530755	1
22546242	1
22561687	1
22592079	1
22607591	1
22623032	1
22638519	1
22653964	1
22669453	1
22684898	1
22700385	1
22715831	1
22731319	1
22746765	1
22762253	1
22777697	1
22793185	1
22808631	1
22824118	1
22839564	1
22855050	1
22870498	1
22885983	1
22901432	1
22916917	1
22932366	1
22947849	1
22963298	1
22978781	1
22994233	1
23009715	1
23025165	1
23040647	1
23056099	1
23071581	1
23087033	1
23102513	1
23117967	1
23133445	1
23148900	1
23164377	1
23179835	1
23195310	1
23210767	1
23226242	1
23241701	1
23257174	1
23272635	1
23288108	1
23303569	1
23319040	1
23334503	1
23349972	1
23365438	1
23380904	1
23396372	1
23411837	1
23427304	1
23442769	1
23458240	1
23473701	1
23489174	1
23504635	1
23520108	1
23535566	1
23551041	1
23566498	1
23581976	1
23597430	1
23612910	1
23636093	1
23651541	1
23667026	1
23682490	1
23697974	1
23713423	1
23728906	1
23744372	1
23759854	1
23775304	1
23790786	1
23806238	1
23821718	1
23837171	1
23852651	1
23868105	1
23883583	1
23899039	1
23914517	1
23929971	1
23945449	1
23960907	1
23976381	1
23991841	1
24007313	1
24030481	1
24053669	1
24073003	1
24088451	1
24103935	1
24119385	1
24134883	1
24154188	1
24169677	1
24188981	1
24204486	1
24227661	1
24243114	1
24258595	1
24274063	1
24289541	1
24304997	1
24320473	1
24343642	1
24366822	1
24382291	1
24397751	1
24413243	1
24435878	1
24451366	1
24466810	1
24482314	1
24497759	1
24513246	1
24528692	1
24554552	1
24570028	1
24593194	1
24616382	1
24631855	1
24655024	1
24678212	1
24693683	1
24709148	1
24724615	1
24747787	1
24763277	1
24778717	1
24801905	1
24817366	1
24832839	1
24856027	1
24879191	1
24894667	1
24910125	1
24933300	1
24956495	1
24971951	1
24995128	1
25010614	1
25033780	1
25056959	1
25080157	1
25103337	1
25118791	1
25141985	1
25157433	1
25172919	1
25188367	1
25203853	1
25219299	1
25234786	1
25250232	1
25265719	1
25281164	1
25296655	1
25319827	1
25335288	1
25350760	1
25373927	1
25389415	1
25404860	1
25420347	1
25435809	1
25459002	1
25474467	1
25497637	1
25513127	1
25536292	1
25551763	1
25567224	1
25582714	1
25598172	1
25613648	1
25629106	1
25652280	1
25667766	1
25683214	1
25706408	1
25721863	1
25737342	1
25752795	1
25768277	1
25783729	1
25799210	1
25814661	1
25830144	1
25845595	1
25861078	1
25876527	1
25899709	1
25915189	1
25930643	1
25953838	1
25977014	1
25992471	1
26015667	1
26031115	1
26046602	1
26062049	1
26077536	1
26092981	1
26108470	1
26131642	1
26147103	1
26162574	1
26178037	1
26193506	1
26208972	1
26224439	1
26247607	1
26270801	1
26286262	1
26301735	1
26317194	1
26332668	1
26348126	1
26363602	1
26379062	1
26402231	1
26417711	1
26433159	1
26448645	1
26464093	1
26479578	1
26495027	1
26510510	1
26525959	1
26541442	1
26556893	1
26622367	1
26637867	1
26653312	1
26676508	1
26699694	1
26715142	1
26738336	1
26761522	1
26784687	1
26817079	1
26864297	1
26879766	1
26899085	1
26948669	1
26964130	1
26987324	1
27010501	1
27033665	1
27056844	1
27080035	1
27095484	1
27118668	1
27134148	1
27149602	1
27172799	1
27188246	1
27211432	1
27226910	1
27250073	1
27265642	1
27288815	1
27311982	1
27327470	1
27342969	1
27358458	1
27373903	1
27389392	1
27404890	1
27420378	1
27435822	1
27459014	1
27474535	1
27490004	1
27505467	1
27520938	1
27536450	1
27551917	1
27567379	1
27590552	1
27606094	1
27629259	1
27644734	1
27667922	1
27683430	1
27698916	1
27714363	1
27729849	1
27745349	1
27760835	1
27776283	1
27791767	1
27807269	1
27822754	1
27838203	1
27853686	1
27869192	1
27892390	1
27907838	1
27923323	1
27938826	1
27954311	1
27969760	1
27985245	1
28000746	1
28016231	1
28039408	1
28054864	1
28074203	1
28089650	1
28112847	1
28128303	1
28143783	1
28159235	1
28174717	1
28190169	1
28205650	1
28221103	1
28244276	1
28259754	1
28279059	1
28294547	1
28309993	1
28333186	1
28356376	1
28371821	1
28387308	1
28410474	1
28433651	1
28449138	1
28464585	1
28480072	1
28495519	1
28518716	1
28541891	1
28557337	1
28580533	1
28603714	1
28626876	1
28642360	1
28657808	1
28673294	1
28688743	1
28711927	1
28727404	1
28742859	1
28758340	1
28781503	1
28802545	1
28818008	1
28833479	1
28856465	1
28871928	1
28895122	1
28910581	1
28926057	1
28945379	1
28960838	1
28984032	1
28999478	1
29014984	1
29034290	1
29057469	1
29072956	1
29088419	1
29103902	1
29123207	1
29146397	1
29161881	1
29177352	1
29192815	1
29215987	1
29231501	1
29246946	1
29262433	1
29277880	1
29293367	1
29308812	1
29324299	1
29339746	1
29355233	1
29370682	1
29393877	1
29409333	1
29428665	1
29444137	1
29459601	1
29475069	1
29490549	1
29506016	1
29521481	1
29536948	1
29552431	1
29567894	1
29583365	1
29598826	1
29614299	1
29629760	1
29645233	1
29660692	1
29676168	1
29691626	1
29707100	1
29722558	1
29738036	1
29753490	1
29768970	1
29784424	1
29799904	1
29815357	1
29830837	1
29846289	1
29861769	1
29877221	1
29892703	1
29908153	1
29923636	1
29939087	1
29954570	1
29970019	1
29985504	1
30000951	1
30016438	1
30031884	1
30047371	1
30062816	1
30078303	1
30093750	1
30109237	1
30124682	1
30140169	1
30155617	1
30171103	1
30186549	1
30202037	1
30217481	1
30232969	1
30248415	1
30271605	1
30287072	1
30310241	1
30325729	1
30341173	1
30356661	1
30372107	1
30387596	1
30403041	1
30418528	1
30433973	1
30449460	1
30464907	1
30480394	1
30495841	1
30511326	1
30526774	1
30542260	1
30557706	1
30585781	1
30601266	1
30616726	1
30632198	1
30647660	1
30663130	1
30678592	1
30694062	1
30709526	1
30724994	1
30740460	1
30755927	1
30771394	1
30786859	1
30802330	1
30817791	1
30833262	1
30848723	1
30864196	1
30879657	1
30895131	1
30910589	1
30926063	1
30941521	1
30956997	1
30972453	1
30987931	1
31003387	1
31018865	1
31034319	1
31049799	1
31065252	1
31080732	1
31096184	1
31111666	1
31127116	1
31142598	1
31158048	1
31173533	1
31188982	1
31204467	1
31219914	1
31235399	1
31250847	1
31266333	1
31281779	1
31297266	1
31312711	1
31328200	1
31343645	1
31359132	1
31374579	1
31390066	1
31405512	1
31421000	1
31436444	1
31451932	1
31467378	1
31482866	1
31498327	1
31513814	1
31529260	1
31544748	1
31560208	1
31583401	1
31598862	1
31614335	1
31629809	1
31645281	1
31660741	1
31676215	1
31691675	1
31707149	1
31722607	1
31738083	1
31753539	1
31769019	1
31784473	1
31799951	1
31815406	1
31830886	1
31846338	1
31861820	1
31877270	1
31892754	1
31908203	1
31923689	1
31939137	1
31954621	1
31970069	1
31985554	1
32001001	1
32016488	1
32031935	1
32047420	1
32062869	1
32078356	1
32093801	1
32109288	1
32124735	1
32140222	1
32155668	1
32171156	1
32186601	1
32202089	1
32217533	1
32233023	1
32248467	1
32263955	1
32279401	1
32294889	1
32310335	1
32325822	1
32341267	1
32356756	1
32372201	1
32387688	1
32403135	1
32418622	1
32434066	1
32449554	1
32465000	1
32480487	1
32495934	1
32511419	1
32526868	1
32542353	1
32557803	1
32573287	1
32588735	1
279857	2
303276	2
318761	2
341925	2
357413	2
372855	2
388344	2
403786	2
419274	2
434719	2
450206	2
465651	2
481140	2
496585	2
512072	2
527519	2
543006	2
558455	2
573940	2
589388	2
604874	2
620321	2
635807	2
651257	2
666741	2
682191	2
697673	2
713125	2
728608	2
744059	2
759540	2
774992	2
790474	2
805926	2
821406	2
836860	2
852340	2
867794	2
883272	2
898728	2
914204	2
935567	2
951059	2
966501	2
981988	2
997433	2
1012920	2
1028365	2
1043854	2
1059299	2
1074786	2
1090232	2
1105719	2
1121164	2
1136651	2
1152098	2
1167583	2
1183031	2
1198517	2
1213965	2
1229449	2
1244897	2
1260383	2
1275833	2
1291316	2
1306765	2
1322248	2
1337698	2
1353180	2
1368632	2
1384112	2
1399566	2
1415046	2
1430500	2
1445978	2
1461434	2
1476912	2
1492368	2
1507844	2
1523301	2
1538776	2
1554235	2
1569708	2
1585168	2
1600640	2
1616102	2
1631572	2
1647036	2
1662504	2
1677970	2
1693436	2
1708903	2
1724368	2
1739837	2
1755300	2
1770771	2
1786232	2
1801705	2
1817164	2
1832639	2
1848098	2
1863572	2
1879030	2
1894506	2
1909962	2
1925440	2
1940895	2
1956374	2
1971827	2
1987308	2
2002761	2
2018242	2
2033695	2
2049176	2
2064627	2
2080110	2
2095561	2
2111044	2
2126493	2
2141976	2
2157426	2
2172910	2
2188358	2
2203844	2
2219290	2
2234777	2
2250224	2
2265711	2
2281157	2
2296645	2
2312091	2
2327577	2
2343023	2
2358511	2
2373955	2
2389443	2
2404889	2
2420378	2
2435823	2
2451310	2
2466755	2
2482243	2
2497688	2
2513175	2
2528620	2
2544109	2
2559554	2
2587629	2
2603142	2
2618596	2
2634075	2
2649529	2
2665009	2
2680461	2
2695939	2
2711395	2
2726873	2
2742331	2
2757805	2
2773263	2
2788737	2
2804197	2
2819671	2
2835131	2
2850603	2
2866066	2
2881535	2
2897000	2
2912467	2
2927934	2
2943401	2
2958867	2
2974332	2
2989801	2
3005264	2
3020736	2
3036196	2
3051668	2
3067128	2
3082602	2
3098060	2
3113536	2
3128994	2
3144470	2
3159926	2
3175404	2
3190858	2
3206337	2
3221790	2
3237271	2
3252723	2
3268203	2
3283655	2
3299150	2
3314600	2
3330082	2
3345533	2
3361016	2
3376465	2
3391949	2
3407397	2
3422883	2
3438329	2
3453817	2
3469263	2
3484750	2
3500195	2
3515684	2
3531129	2
3546616	2
3562063	2
3577550	2
3592995	2
3608483	2
3623928	2
3639415	2
3654860	2
3670351	2
3685807	2
3701294	2
3716739	2
3732228	2
3747673	2
3763160	2
3778606	2
3794096	2
3817260	2
3832734	2
3855918	2
3871366	2
3890708	2
3913883	2
3929345	2
3944832	2
3960291	2
3975764	2
3998930	2
4014433	2
4029877	2
4045365	2
4060810	2
4076314	2
4099482	2
4114951	2
4130414	2
4145884	2
4161346	2
4176818	2
4200008	2
4215507	2
4230996	2
4246441	2
4261928	2
4277428	2
4292914	2
4308360	2
4323847	2
4363357	2
4380107	2
4439011	2
4455782	2
4490985	2
4506455	2
4538561	2
4554036	2
4569562	2
4585023	2
4600494	2
4615957	2
4631480	2
4646945	2
4662412	2
4677879	2
4693398	2
4712714	2
4728195	2
4747500	2
4762990	2
10604712	2
10620171	2
10643363	2
10658871	2
10682050	2
10705247	2
10728428	2
10743934	2
10767131	2
10790310	2
10817232	2
10863746	2
10879220	2
10928327	2
10943807	2
10959322	2
10982517	2
11005685	2
11028855	2
11052178	2
11075366	2
11098534	2
11121705	2
11144899	2
11160356	2
11175834	2
11191290	2
11206766	2
11222222	2
11237700	2
11253154	2
11268634	2
11284086	2
11299568	2
11315020	2
11330502	2
11345952	2
11361435	2
11376884	2
11392367	2
11407819	2
11423301	2
11438751	2
11454235	2
11469683	2
11485169	2
11500615	2
11516103	2
11531549	2
11547036	2
11562481	2
11577969	2
11593414	2
11608901	2
11624346	2
11639835	2
11655280	2
11670769	2
11686214	2
11701701	2
11717146	2
11732635	2
11748079	2
11763567	2
11779013	2
11794501	2
11809945	2
11825434	2
11840879	2
11856366	2
11871812	2
11887300	2
11902746	2
11918233	2
11933678	2
11949165	2
11964612	2
11980099	2
11995546	2
12011031	2
12026480	2
12041965	2
12057412	2
12072897	2
12088345	2
12103829	2
12119279	2
12134763	2
12150214	2
12173408	2
12188858	2
12204342	2
12219790	2
12235276	2
12250724	2
12266210	2
12281656	2
12297144	2
12312590	2
12328077	2
12343522	2
12359009	2
12374454	2
12389942	2
12405387	2
12420876	2
12436321	2
12451810	2
12467255	2
12482742	2
12498187	2
12513676	2
12529121	2
12544610	2
12560054	2
12575542	2
12590988	2
12606475	2
12621921	2
12637407	2
12652853	2
12668341	2
12683787	2
12699274	2
12714721	2
12730206	2
12745653	2
12761140	2
12776587	2
12792072	2
12807521	2
12823004	2
12838454	2
12858854	2
12874315	2
12889803	2
12905247	2
12920737	2
12936181	2
12951668	2
12967113	2
12982602	2
12998047	2
13013536	2
13028981	2
13044468	2
13059914	2
13075401	2
13090848	2
13106335	2
13121780	2
13137269	2
13152714	2
13168201	2
13183647	2
13199135	2
13214581	2
13230067	2
13245515	2
13261001	2
13276448	2
13291933	2
13307380	2
13322866	2
13338316	2
13353799	2
13369250	2
13384731	2
13400182	2
13415663	2
13431116	2
13446597	2
13462050	2
13477529	2
13492985	2
13508463	2
13523917	2
13539395	2
13554851	2
13570327	2
13585786	2
13601259	2
13616720	2
13632192	2
13647653	2
13663124	2
13678587	2
13694058	2
13709521	2
13724988	2
13740455	2
13755922	2
13771389	2
13786854	2
13802322	2
13817786	2
13833256	2
13848718	2
13864190	2
13879650	2
13895124	2
13910582	2
13926058	2
13941515	2
13956990	2
13972447	2
13987925	2
14003380	2
14018858	2
14034311	2
14049792	2
14065244	2
14080726	2
14096176	2
14111658	2
14127108	2
14142592	2
14158042	2
14173526	2
14188974	2
14204459	2
14219906	2
14235393	2
14250840	2
14266325	2
14281773	2
14297259	2
14312707	2
14328193	2
14343641	2
14359127	2
14374573	2
14390059	2
14405505	2
14420993	2
14436438	2
14451925	2
14467370	2
14482859	2
14498304	2
14513791	2
14529238	2
14544725	2
14560170	2
14583872	2
14599349	2
14614825	2
14630287	2
14645757	2
14661219	2
14676691	2
14699881	2
14719182	2
14734671	2
14750114	2
14765596	2
14788769	2
14804229	2
14819701	2
14835162	2
14850635	2
14866095	2
14881566	2
14897029	2
14912498	2
14927965	2
14943430	2
14958899	2
14974364	2
14989832	2
15005296	2
15020766	2
15036228	2
15051700	2
15067160	2
15088581	2
15111774	2
15134954	2
15150403	2
15165887	2
15181337	2
15196819	2
15212271	2
15227751	2
15243205	2
15258685	2
15274139	2
15289617	2
15305071	2
15320549	2
15336006	2
15351481	2
15366940	2
15382413	2
15397874	2
15413346	2
15428808	2
15444278	2
15459741	2
15475211	2
15490675	2
15506143	2
15521608	2
15537075	2
15552542	2
15568007	2
15583476	2
15598939	2
15614410	2
15629871	2
15645344	2
15660803	2
15676278	2
15691735	2
15707211	2
15722669	2
15738145	2
15753601	2
15769079	2
15784534	2
15800013	2
15815466	2
15830947	2
15846398	2
15861880	2
15877332	2
15892815	2
15908264	2
15923747	2
15939196	2
15954681	2
15970130	2
15985615	2
16001062	2
16016547	2
16031995	2
16047481	2
16062927	2
16086115	2
16101592	2
16117049	2
16132524	2
16147983	2
16163456	2
16178917	2
16194389	2
16209851	2
16225321	2
16240785	2
16256252	2
16271717	2
16287186	2
16302651	2
16318116	2
16333585	2
16349048	2
16364521	2
16379982	2
16395455	2
16410916	2
16426388	2
16441848	2
16457322	2
16472780	2
16488256	2
16503712	2
16519190	2
16534644	2
16550124	2
16565578	2
16581058	2
16596511	2
16611991	2
16627443	2
16642925	2
16658375	2
16673859	2
16689309	2
16704790	2
16720241	2
16735726	2
16774626	2
16790142	2
16805596	2
16828799	2
16851979	2
16875144	2
16898332	2
16921526	2
16944701	2
16960161	2
16975633	2
16991096	2
17006565	2
17022029	2
17037498	2
17052963	2
17068430	2
17083897	2
17099362	2
17114831	2
17130294	2
17145765	2
17161226	2
17176699	2
17192160	2
17207632	2
17223092	2
17238566	2
17254024	2
17269500	2
17284956	2
17300434	2
17315888	2
17331368	2
17346821	2
17362301	2
17385482	2
17400932	2
17416414	2
17431866	2
17447348	2
17462798	2
17478281	2
17493731	2
17509213	2
17524665	2
17540145	2
17555599	2
17571079	2
17586533	2
17602011	2
17617467	2
17632943	2
17648400	2
17663877	2
17679334	2
17694809	2
17710268	2
17725741	2
17741202	2
17756673	2
17772137	2
17787605	2
17803071	2
17818537	2
17834004	2
17849469	2
17864938	2
17880401	2
17895872	2
17911333	2
17926806	2
17942267	2
17957740	2
17973199	2
17988673	2
18004131	2
18019607	2
18035063	2
18050541	2
18065995	2
18081475	2
18096928	2
18112409	2
18127860	2
18143341	2
18158792	2
18174275	2
18189726	2
18205207	2
18220660	2
18236141	2
18251590	2
18267075	2
18282524	2
18298009	2
18313456	2
18328943	2
18344390	2
18359875	2
18375322	2
18390809	2
18406255	2
18421741	2
18437188	2
18452676	2
18475846	2
18491309	2
18506780	2
18522243	2
18537712	2
18553176	2
18573693	2
18589164	2
18604648	2
18620096	2
18635580	2
18651028	2
18666512	2
18681961	2
18697445	2
18712895	2
18728377	2
18743829	2
18759311	2
18774763	2
18797960	2
18817270	2
18832744	2
18852069	2
18867525	2
18883003	2
18898459	2
18913935	2
18929393	2
18944867	2
18960327	2
18975799	2
18991260	2
19006731	2
19022194	2
19037663	2
19053128	2
19068597	2
19084063	2
19099528	2
19114997	2
19130460	2
19145930	2
19161392	2
19176887	2
19192349	2
19207821	2
19223281	2
19238755	2
19254213	2
19269689	2
19285145	2
19300623	2
19316079	2
19331557	2
19347011	2
19362489	2
19377943	2
19393423	2
19408875	2
19424357	2
19439809	2
19455291	2
19470741	2
19486223	2
19501673	2
19517156	2
19532607	2
19548090	2
19563538	2
19579024	2
19594472	2
19609958	2
19625404	2
19640892	2
19656338	2
19671824	2
19687270	2
19702757	2
19718203	2
19733692	2
19749135	2
19764624	2
19787796	2
19803261	2
19818728	2
19834193	2
19849660	2
19865127	2
19880592	2
19896062	2
19911524	2
19926996	2
19942458	2
19957928	2
19973390	2
19988862	2
20004321	2
20019798	2
20035255	2
20050731	2
20073914	2
20097079	2
20112558	2
20128013	2
20151190	2
20166674	2
20182124	2
20205315	2
20220761	2
20236244	2
20251693	2
20267178	2
20286488	2
20301958	2
20317420	2
20332892	2
20348354	2
20363828	2
20379286	2
20394762	2
20410220	2
20425696	2
20441152	2
20456629	2
20479814	2
20502976	2
20518458	2
20533910	2
20549392	2
20572572	2
20588023	2
20603504	2
20626669	2
20642154	2
20657603	2
20680785	2
20696265	2
20711719	2
20727197	2
20742652	2
20758130	2
20781294	2
20796782	2
20812228	2
20827716	2
20843161	2
20866351	2
20889542	2
20904988	2
20928177	2
20943645	2
20959112	2
20974577	2
20990044	2
21005509	2
21021033	2
21042042	2
21057522	2
21073007	2
21088511	2
21103995	2
21119445	2
21134928	2
21150435	2
21165916	2
21181367	2
21196848	2
21212300	2
21227782	2
21243234	2
21258714	2
21274168	2
21289646	2
21305103	2
21320578	2
21336035	2
21351512	2
21366969	2
21382443	2
21397902	2
21413375	2
21428836	2
21444307	2
21459770	2
21475241	2
21490704	2
21506173	2
21521638	2
21537105	2
21552572	2
21568037	2
21583507	2
32664605	2
32680543	2
32696033	2
32711499	2
32734695	2
32757868	2
32781032	2
32796520	2
32811964	2
32827452	2
32842899	2
32858387	2
32873831	2
32889323	2
32904767	2
32920257	2
32935701	2
32951189	2
32966635	2
32982122	2
32997567	2
33013055	2
33028500	2
33043989	2
33059434	2
33074921	2
33090366	2
33105855	2
33121300	2
33136787	2
33152234	2
33167721	2
33183168	2
33198653	2
33214101	2
33229587	2
33245034	2
33260519	2
33275968	2
33291453	2
33306902	2
33322385	2
5907149	3
5926806	3
5942266	3
5965433	3
5980920	3
5996365	3
6011851	3
6027297	3
6042783	3
6058230	3
6073715	3
6089162	3
6104648	3
6120096	3
6135581	3
6151030	3
6166513	3
6181964	3
6197447	3
6212898	3
6228379	3
6243831	3
6259313	3
6274765	3
6290245	3
6305699	3
6321177	3
6336631	3
6352111	3
6367565	3
6383043	3
6398500	3
6413975	3
6429433	3
6444907	3
6460367	3
6475840	3
6491301	3
6506772	3
6522235	3
6537704	3
6553171	3
6580638	3
6596134	3
6611627	3
6627079	3
6642562	3
6658012	3
6673496	3
6688944	3
6704430	3
6719876	3
6735362	3
6750808	3
6766295	3
6781742	3
6797229	3
6812674	3
6828161	3
6843608	3
6859095	3
6874541	3
6890029	3
6905473	3
6920961	3
6942175	3
6961494	3
6976969	3
6992425	3
7007901	3
7023358	3
7038833	3
7054292	3
7069765	3
7085224	3
7100697	3
7116160	3
9605853	3
9621318	3
9636807	3
9652252	3
9667752	3
9687054	3
9706397	3
9725715	3
9745025	3
9764366	3
9779811	3
9795300	3
9818462	3
9833926	3
9849389	3
9864859	3
9880323	3
9895793	3
9911257	3
9934427	3
9949915	3
9969215	3
9988552	3
10004016	3
10019508	3
10034962	3
10050440	3
10065895	3
10081388	3
10096842	3
10112324	3
10131641	3
10147123	3
10162591	3
10181903	3
10197387	3
10212852	3
10228347	3
10243798	3
10266989	3
10282433	3
10305616	3
10321094	3
10336549	3
10359745	3
10375192	3
10398378	3
10421574	3
10437033	3
10452521	3
10467967	3
10483455	3
10498914	3
10514403	3
10529847	3
10545337	3
10560795	3
10585380	3
10600870	3
10624042	3
10639541	3
10662706	3
10678166	3
10693633	3
10709155	3
10724622	3
10740089	3
10755554	3
10771079	3
10786542	3
10802014	3
10817476	3
13491936	3
13507756	3
13523215	3
13546411	3
13561870	3
13585059	3
13608253	3
13631423	3
13646904	3
13662371	3
13677838	3
13693303	3
13708772	3
13724235	3
13739706	3
13755167	3
13770639	3
13786101	3
13801573	3
13817032	3
13832507	3
13847964	3
13863442	3
13878898	3
13894374	3
13909830	3
13925308	3
13940762	3
13956241	3
13971694	3
13987175	3
14002627	3
14018107	3
14033559	3
14049041	3
14064491	3
14079975	3
14095425	3
14110909	3
14126358	3
14141842	3
14157290	3
14172776	3
14188222	3
14203708	3
14219156	3
14234642	3
14250088	3
14265577	3
14281022	3
14296509	3
14311954	3
14327441	3
14342888	3
14358375	3
14373820	3
14389308	3
14404753	3
14420240	3
14435685	3
14451176	3
14466621	3
14482108	3
14497552	3
14513042	3
14528486	3
14543974	3
14559420	3
14582620	3
14598112	3
14621282	3
14636769	3
14652216	3
14667701	3
14683148	3
14698635	3
14714082	3
17374390	3
17389900	3
17413075	3
17436242	3
17459433	3
17482625	3
17498069	3
17513557	3
17529003	3
17544491	3
17559935	3
17575424	3
17590869	3
17606356	3
17621802	3
17637289	3
17652736	3
17668223	3
17683668	3
17699155	3
17714602	3
17730087	3
17745536	3
17761021	3
17776468	3
17791953	3
17807402	3
17822887	3
17838335	3
17853819	3
17869268	3
17884751	3
17900202	3
17915685	3
17931136	3
17946617	3
17962070	3
17977550	3
17993004	3
18008482	3
18023937	3
18039414	3
18054871	3
18070346	3
18085803	3
18101279	3
18116737	3
18132211	3
18147673	3
18163143	3
18178607	3
18194075	3
18209540	3
18225007	3
18240474	3
18255941	3
18271408	3
18286872	3
18302341	3
18317806	3
18333277	3
18348738	3
18364209	3
18379670	3
18395144	3
18410602	3
21074239	3
21089765	3
21105252	3
21128416	3
21151593	3
21167132	3
21182583	3
21198064	3
21217369	3
21232858	3
21248303	3
21263792	3
21279237	3
21294724	3
21310169	3
21325657	3
21341102	3
21356589	3
21372036	3
21387523	3
21402970	3
21418457	3
21433903	3
21449389	3
21464837	3
21480323	3
21495769	3
21511255	3
21526701	3
21547265	3
21570436	3
21593597	3
21616785	3
21632257	3
21647719	3
21663191	3
21678652	3
21694123	3
21709586	3
21725055	3
21740520	3
21755988	3
21771453	3
21786920	3
21802389	3
21817852	3
21833321	3
21848784	3
21864254	3
21879716	3
21895190	3
21910648	3
21926124	3
21941580	3
21957056	3
21972514	3
21987990	3
22003446	3
22018924	3
22034378	3
22049857	3
22065311	3
22080791	3
22096243	3
22111725	3
22127176	3
22142659	3
22158108	3
22173592	3
22189040	3
22204526	3
22219974	3
22235459	3
22250906	3
22266393	3
22281840	3
22297325	3
25040365	3
25055867	3
25079058	3
25102230	3
25117700	3
25133173	3
25148629	3
25164105	3
25179579	3
25195054	3
25210513	3
25225985	3
25241460	3
25256931	3
25272394	3
25287865	3
25303327	3
25318796	3
25334261	3
25349728	3
25365197	3
25380660	3
25396129	3
25411594	3
25434765	3
25450254	3
25465699	3
25481186	3
25496648	3
25519842	3
25535299	3
25550775	3
25566245	3
25581722	3
25597179	3
25620354	3
25635855	3
25651304	3
25666787	3
25682236	3
25697734	3
25713184	3
25728668	3
25744118	3
25759614	3
25782779	3
25798264	3
25813711	3
25829196	3
25844644	3
25867827	3
25883307	3
25906469	3
25921956	3
25937403	3
25952890	3
25976063	3
25991523	3
26006995	3
26030163	3
26045667	3
26061112	3
26084305	3
26099772	3
26115255	3
26130721	3
26146189	3
26169378	3
26184839	3
26208026	3
26223481	3
26246654	3
29014822	3
29030488	3
29045977	3
29065282	3
29080797	3
29103978	3
29119428	3
29142625	3
29158092	3
29181271	3
29196753	3
29212205	3
29227699	3
29243153	3
29258631	3
29274085	3
29289579	3
29312744	3
29328232	3
29343678	3
29359184	3
29382357	3
29397817	3
29413289	3
29428789	3
29444260	3
29459723	3
29475192	3
29490672	3
29506139	3
29521605	3
29537070	3
29552555	3
29568018	3
29583488	3
29598951	3
29614422	3
29629883	3
29645355	3
29660815	3
29676289	3
29691747	3
29707223	3
29722681	3
29738157	3
29753613	3
29769090	3
29784545	3
29800024	3
29815478	3
29830958	3
29846410	3
29861892	3
29877342	3
29892826	3
29908276	3
29923760	3
29939209	3
29954692	3
29970141	3
29985625	3
30001073	3
30016559	3
30032007	3
30047492	3
30062939	3
30078426	3
30093873	3
30109360	3
30124805	3
30140292	3
30155739	3
30171226	3
30186671	3
30202159	3
30217603	3
30233091	3
32899603	3
32915106	3
32938266	3
32961445	3
32984641	3
33007814	3
33030979	3
33046467	3
33061911	3
33077399	3
33092845	3
33108333	3
33123779	3
33139267	3
33154711	3
33170201	3
33185645	3
33201134	3
33216579	3
33232066	3
33247511	3
33263000	3
33278445	3
33293932	3
33309377	3
33324865	3
33340310	3
33355814	3
33371261	3
33386748	3
33402193	3
33417680	3
33433126	3
33448613	3
33464060	3
33479547	3
33498850	3
33514339	3
33533644	3
33549127	3
33572306	3
33587756	3
33603240	3
33626402	3
33641887	3
33657336	3
33672819	3
33688267	3
33703753	3
33719201	3
33734687	3
33750133	3
33765621	3
33781067	3
33796555	3
33811999	3
33827487	3
33842932	3
33858419	3
33883238	3
33898695	3
33921891	3
33937336	3
33952823	3
33968269	3
33983756	3
33999202	3
34014688	3
34030134	3
34045622	3
34061066	3
34076556	3
34092000	3
34107489	3
34122934	3
35490469	3
35505956	3
35529122	3
35552315	3
35575505	3
35598673	3
35621846	3
35645040	3
35660498	3
35675972	3
35691430	3
35706906	3
35722362	3
35737840	3
35753294	3
35768773	3
35784228	3
35799707	3
35815160	3
35830641	3
35846092	3
35861573	3
35877025	3
35892507	3
35907957	3
35923443	3
35938890	3
35954375	3
35969824	3
35985308	3
36000756	3
36016242	3
36031690	3
36047176	3
36062622	3
36078109	3
36093556	3
36109043	3
36124488	3
36139977	3
36155422	3
36170909	3
36186355	3
36201842	3
36217287	3
36232776	3
36248221	3
36263708	3
36279152	3
36294642	3
36310086	3
36325574	3
36341020	3
36356508	3
36371954	3
36387442	3
36402886	3
36418374	3
36433820	3
36449307	3
36464753	3
36480239	3
36495685	3
36511172	3
36526619	3
36542104	3
36557553	3
36573038	3
36588487	3
36603970	3
36619421	3
36634902	3
36650354	3
36665836	3
36681287	3
36704484	3
38072153	3
38087628	3
38103109	3
38126272	3
38149456	3
38172650	3
38188098	3
38203584	3
38226760	3
38242218	3
38257692	3
38273152	3
38296346	3
38311792	3
38327280	3
38350453	3
38365916	3
38381385	3
38396850	3
38412317	3
38427838	3
38443303	3
38458771	3
38474235	3
38489705	3
38505167	3
38520639	3
38536100	3
38551573	3
38572512	3
38587983	3
38611186	3
38626636	3
38649813	3
38673003	3
38688450	3
38703937	3
38727112	3
38742568	3
38758044	3
38773502	3
38788976	3
38804435	3
38819910	3
38835369	3
38850842	3
38866305	3
38889497	3
38904940	3
38920429	3
38935874	3
38951362	3
38966808	3
38982296	3
38997740	3
39013228	3
39036398	3
39051869	3
39067329	3
39082802	3
39098317	3
39113792	3
39129251	3
39144726	3
39160183	3
39175661	3
39191115	3
39206594	3
39222048	3
39237528	3
39260711	3
39276158	3
39291643	3
39362244	3
39377718	3
39400892	3
39424085	3
39447266	3
39470430	3
39493609	3
39509090	3
39524543	3
39540022	3
39555478	3
39570956	3
39586410	3
39601888	3
39617344	3
39632820	3
39648278	3
39663752	3
39679212	3
39694684	3
39710146	3
39725618	3
39741079	3
39756550	3
39772014	3
39787481	3
39802948	3
39818413	3
39833882	3
39849347	3
39864816	3
39880333	3
39895805	3
39911267	3
39926739	3
39942251	3
39957725	3
39973183	3
39988659	3
40004117	3
40019593	3
40035049	3
40050526	3
40065981	3
40081460	3
40096914	3
40112394	3
40127847	3
40143328	3
40158779	3
40174262	3
40189711	3
40205196	3
40220645	3
40236128	3
40251577	3
40267062	3
40282509	3
40297994	3
40313443	3
40328928	3
40344377	3
40359862	3
40375309	3
40390796	3
40406241	3
40421728	3
40444903	3
40464213	3
40479698	3
40499001	3
40514492	3
40529937	3
40545424	3
40560870	3
40576358	3
40591802	3
40664903	3
40680381	3
40703579	3
40726755	3
40749919	3
40773105	3
40796302	3
40819473	3
40834935	3
40850405	3
40865869	3
40881336	3
40896801	3
40912268	3
40927805	3
40943270	3
40958738	3
40974203	3
40989671	3
41005135	3
41020605	3
41036067	3
41051539	3
41066999	3
41082473	3
41097931	3
41113407	3
41128864	3
41144340	3
41159796	3
41175328	3
41190782	3
41206260	3
41221714	3
41237248	3
41252700	3
41268182	3
41283632	3
41299114	3
41314565	3
41330048	3
41345497	3
41360981	3
41376431	3
41391915	3
41407363	3
41422848	3
41438297	3
41453782	3
41469229	3
41484716	3
41500161	3
41515648	3
41531095	3
41546582	3
41562028	3
41577515	3
41592960	3
41608449	3
41623894	3
41639383	3
41654827	3
41670317	3
41685761	3
41701249	3
41716693	3
41732183	3
41747627	3
41763115	3
41778561	3
41794049	3
41809494	3
41824981	3
41840426	3
41855915	3
41871360	3
41886847	3
41961511	3
41977023	3
41996328	3
42019519	3
42042700	3
42065863	3
42081342	3
42096795	3
42112275	3
42127727	3
42143209	3
42158661	3
42174142	3
42189593	3
42205074	3
42220525	3
42236008	3
42251459	3
42266944	3
42282391	3
42297876	3
42313324	3
42328810	3
42344256	3
42359743	3
42375189	3
42390677	3
42406123	3
42421609	3
42437055	3
42452543	3
42467987	3
42483475	3
42498921	3
42514410	3
42529855	3
42545342	3
42560787	3
42581477	3
42596958	3
42620139	3
42635623	3
42651073	3
42666557	3
42682007	3
42697489	3
42712940	3
42728423	3
42743872	3
42759354	3
42774806	3
42790288	3
42805740	3
42821220	3
42836674	3
42852152	3
42867608	3
42883086	3
42898541	3
42914018	3
42929475	3
42944950	3
42960409	3
42975882	3
42991343	3
43006814	3
43022277	3
43037746	3
43053212	3
43068694	3
43084161	3
43099628	3
43115095	3
43130574	3
43146043	3
43161506	3
43176977	3
43250901	3
43266409	3
43289581	3
43312741	3
43328227	3
43351402	3
43374568	3
43397756	3
43420952	3
43444123	3
43467289	3
43482776	3
43498221	3
43513710	3
43529155	3
43544642	3
43560089	3
43575576	3
43591022	3
43606510	3
43621954	3
43637442	3
43652888	3
43668374	3
43683836	3
43699322	3
43714770	3
7200120	4
7222128	4
7237606	4
7253059	4
7268538	4
7283989	4
7299468	4
7314919	4
7330400	4
7345851	4
7361334	4
7376783	4
7392268	4
7407718	4
7423202	4
7438650	4
7454134	4
7469582	4
7485068	4
7500514	4
7516002	4
7531447	4
7546934	4
7562379	4
7577868	4
7593313	4
7608800	4
7624245	4
7639734	4
7655179	4
7670668	4
7686111	4
7701600	4
7717045	4
7732534	4
7747978	4
7763466	4
7778912	4
7794400	4
7809844	4
7825333	4
7840777	4
7856265	4
7871711	4
7887199	4
7902645	4
7918130	4
7933577	4
7949064	4
7964511	4
7979996	4
7995445	4
8010930	4
8026377	4
8041862	4
8057311	4
8072794	4
8088244	4
8103728	4
8119178	4
8134660	4
8150111	4
8165592	4
8181045	4
8196526	4
8211979	4
8227459	4
8242914	4
8258392	4
8273848	4
8289324	4
8304782	4
8320258	4
8335716	4
8351190	4
8366650	4
8382122	4
8397583	4
8413054	4
10922942	4
10938705	4
10954243	4
10977420	4
11000586	4
11023768	4
11039244	4
11054702	4
11070176	4
11085636	4
11108061	4
11131235	4
11154402	4
11169891	4
11185336	4
11200823	4
11216268	4
11231757	4
11247200	4
11262689	4
11278134	4
11293621	4
11309069	4
11324555	4
11340001	4
11355487	4
11370935	4
11386421	4
11401868	4
11417355	4
11432802	4
11448287	4
11463736	4
11479219	4
11494668	4
11510151	4
11525602	4
11541085	4
11556536	4
11572017	4
11587470	4
11602949	4
11618403	4
11633883	4
11649337	4
11664815	4
11680271	4
11695747	4
11711204	4
11726681	4
11742138	4
11757613	4
11773072	4
11788546	4
11804005	4
11819478	4
11834939	4
11850410	4
11865875	4
11881344	4
11896809	4
11912276	4
11927742	4
11943208	4
11958676	4
11974140	4
11989610	4
12005072	4
12020544	4
12036004	4
12051478	4
12066936	4
12082412	4
12097868	4
12113345	4
12128800	4
14786706	4
14802197	4
14817658	4
14840826	4
14864020	4
14879479	4
14894954	4
14910411	4
14925887	4
14941343	4
14956821	4
14972277	4
14987755	4
15003209	4
15018688	4
15034143	4
15049622	4
15065075	4
15080556	4
15096008	4
15111490	4
15126940	4
15142426	4
15157874	4
15173358	4
15188806	4
15204291	4
15219739	4
15235225	4
15250673	4
15266159	4
15281605	4
15297093	4
15312539	4
15328025	4
15343471	4
15358958	4
15374405	4
15389892	4
15405337	4
15420825	4
15436270	4
15451757	4
15467202	4
15482691	4
15498134	4
15513623	4
15529068	4
15544557	4
15560003	4
15575489	4
15590935	4
15606423	4
15621869	4
15637357	4
15652801	4
15668289	4
15683735	4
15699222	4
15714668	4
15730154	4
15745602	4
15761087	4
15776534	4
15792019	4
15807468	4
15822953	4
15838402	4
15853885	4
15869336	4
15884819	4
15900269	4
15915751	4
15931203	4
15946683	4
15962136	4
15977617	4
15993070	4
16008549	4
18486521	4
18501994	4
18525178	4
18548373	4
18574255	4
18589713	4
18612912	4
18636097	4
18659259	4
18674738	4
18690191	4
18705672	4
18721124	4
18736606	4
18752056	4
18767540	4
18782988	4
18798474	4
18813922	4
18829406	4
18844854	4
18860339	4
18875788	4
18891273	4
18906719	4
18922205	4
18937653	4
18953139	4
18968585	4
18984073	4
18999519	4
19015007	4
19030451	4
19045939	4
19061385	4
19076873	4
19092318	4
19107807	4
19123250	4
19138739	4
19154184	4
19169671	4
19185116	4
19200605	4
19216050	4
19231537	4
19246984	4
19262471	4
19277917	4
19293403	4
19308849	4
19324337	4
19339783	4
19355269	4
19370716	4
19386203	4
19401650	4
19417135	4
19432584	4
19448067	4
19463516	4
19479001	4
19494450	4
19509933	4
19525384	4
19540867	4
19556318	4
19571799	4
19587251	4
19602731	4
19618185	4
19633663	4
19649119	4
19664595	4
19680052	4
19695529	4
19710986	4
22379277	4
22394775	4
22417963	4
22441127	4
22464304	4
22487500	4
22503006	4
22518487	4
22533938	4
22549419	4
22564925	4
22585772	4
22601278	4
22624444	4
22639933	4
22655378	4
22670867	4
22686312	4
22701800	4
22717245	4
22732732	4
22748177	4
22763668	4
22779112	4
22794600	4
22810044	4
22825550	4
22840995	4
22856482	4
22871929	4
22887429	4
22902876	4
22918363	4
22933810	4
22953294	4
22976471	4
22999637	4
23022824	4
23038296	4
23053757	4
23069228	4
23084691	4
23100160	4
23115625	4
23131094	4
23146560	4
23162025	4
23177494	4
23192957	4
23208427	4
23223889	4
23239361	4
23254821	4
23270295	4
23285755	4
23301229	4
23316687	4
23332163	4
23347619	4
23363097	4
23378551	4
23394028	4
23409483	4
23424962	4
23440416	4
23455896	4
23471349	4
23486830	4
23502281	4
23517764	4
23533213	4
23548698	4
23564147	4
23579631	4
23595079	4
26341007	4
26356575	4
26379734	4
26395228	4
26410687	4
26426162	4
26441619	4
26457110	4
26472568	4
26488044	4
26503500	4
26518992	4
26534446	4
26549926	4
26565380	4
26595727	4
26611226	4
26626682	4
26649861	4
26665397	4
26680851	4
26696330	4
26711785	4
26727324	4
26742772	4
26758245	4
26773704	4
26789256	4
26804714	4
26820190	4
26835648	4
26851174	4
26866637	4
26889825	4
26905265	4
26920809	4
26936256	4
26959444	4
26974911	4
26990432	4
27005901	4
27021368	4
27036833	4
27052355	4
27067821	4
27083291	4
27098753	4
27114277	4
27129737	4
27145213	4
27168399	4
27183897	4
27199385	4
27214831	4
27230317	4
27245817	4
27261303	4
27284468	4
27299948	4
27315457	4
27338629	4
27354109	4
27377275	4
27392809	4
27408259	4
27423742	4
27439193	4
27454742	4
27470191	4
27493374	4
27508853	4
27524363	4
27539842	4
27555297	4
30311238	4
30326917	4
30350083	4
30373246	4
30396439	4
30411920	4
30435090	4
30458283	4
30473745	4
30489217	4
30504676	4
30520151	4
30535609	4
30551084	4
30578019	4
30593488	4
30608975	4
30624420	4
30639907	4
30655353	4
30670840	4
30686286	4
30701774	4
30717218	4
30732706	4
30748152	4
30763640	4
30779086	4
30794573	4
30810018	4
30825507	4
30840950	4
30856439	4
30871884	4
30887371	4
30902818	4
30918305	4
30933751	4
30949237	4
30964683	4
30980170	4
30995616	4
31011102	4
31026550	4
31042036	4
31057498	4
31072981	4
31088432	4
31103915	4
31119378	4
31134862	4
31150312	4
31165794	4
31181246	4
31196727	4
31212180	4
31227659	4
31243113	4
31258591	4
31274046	4
31289525	4
31304980	4
31320456	4
31335914	4
31351388	4
31366848	4
31382322	4
31397782	4
31413254	4
31428715	4
31444186	4
31459649	4
31475118	4
31490585	4
31506052	4
31521519	4
31536982	4
33374008	4
33389531	4
33432798	4
33448303	4
33463761	4
33483107	4
33498552	4
33514045	4
33529502	4
33544990	4
33560436	4
33575925	4
33591370	4
33606857	4
33622304	4
33637791	4
33653238	4
33668725	4
33684170	4
33699657	4
33715104	4
33730591	4
33746037	4
33761523	4
33776971	4
33792456	4
33807904	4
33823388	4
33838838	4
33854322	4
33869772	4
33885256	4
33900706	4
33916190	4
33931639	4
33947121	4
33962573	4
33978055	4
33993505	4
34008987	4
34028291	4
34047636	4
34063083	4
34082421	4
34097878	4
34113354	4
34128812	4
34144292	4
34163609	4
34179069	4
34194554	4
34210015	4
34225486	4
34240949	4
34256418	4
34271883	4
34287350	4
34302817	4
34318282	4
34333751	4
34349214	4
34364685	4
34380148	4
34395618	4
34415222	4
34438390	4
34461569	4
34477045	4
34492501	4
34507979	4
34523434	4
34538911	4
34554368	4
34577020	4
34592474	4
34607962	4
34623408	4
34638896	4
34654340	4
34669829	4
34685274	4
34700763	4
34716208	4
34731695	4
34747140	4
34762628	4
34778073	4
34793560	4
34809005	4
34824494	4
34839939	4
34855426	4
34870874	4
34886360	4
34901806	4
34917292	4
34932740	4
34948224	4
34963674	4
34979158	4
34994607	4
35010091	4
35025539	4
35041023	4
35056473	4
35071955	4
35087407	4
35102887	4
35118341	4
35133821	4
35149275	4
35164753	4
35180208	4
35195684	4
35211140	4
35226616	4
35242074	4
35257550	4
35273009	4
35288482	4
35303943	4
35319415	4
35334877	4
35350347	4
35365810	4
35381279	4
35396744	4
35412211	4
35427678	4
35443143	4
35458614	4
35474077	4
35489548	4
35505009	4
35520481	4
35535943	4
35551415	4
35566875	4
35582349	4
35597807	4
35613283	4
35628739	4
35644217	4
35659672	4
35675151	4
35690604	4
35706084	4
35721536	4
35737019	4
35752470	4
35767951	4
35783402	4
35798885	4
35814335	4
35829819	4
35845267	4
35860753	4
35876199	4
35891685	4
35907133	4
35922618	4
35938065	4
35953552	4
35968998	4
35984484	4
35999930	4
36015418	4
36030864	4
36046352	4
36061798	4
36077286	4
36092730	4
36108218	4
36123664	4
36139151	4
36154596	4
36170084	4
36185529	4
36201016	4
36216463	4
36231950	4
36247395	4
36262884	4
36278327	4
36293816	4
36309261	4
36324748	4
36340196	4
36355682	4
36371128	4
36386614	4
36402062	4
36417548	4
36432994	4
36448480	4
36463927	4
36479413	4
36494861	4
36510346	4
36525795	4
36541278	4
36556727	4
36572210	4
36587661	4
36603144	4
36618595	4
36634076	4
36649528	4
36665008	4
36680462	4
36703659	4
36719106	4
36734591	4
36750039	4
36773224	4
36796420	4
36811865	4
36827354	4
36850525	4
36865988	4
36889180	4
36904625	4
36920112	4
36935558	4
36958752	4
36974210	4
36989674	4
37005138	4
37020608	4
37036070	4
37051542	4
37074729	4
37090177	4
37105664	4
37128830	4
37152003	4
37167491	4
37190653	4
37206133	4
37221587	4
37244767	4
37260252	4
37283413	4
37298897	4
37314349	4
37329833	4
37353012	4
37368465	4
37383945	4
37399399	4
37414877	4
37430333	4
37445811	4
37461267	4
37476743	4
37492201	4
37507675	4
37523136	4
37546328	4
37561775	4
37577262	4
37600435	4
37615900	4
37639090	4
37654535	4
37670024	4
37685469	4
37708661	4
37730409	4
37745895	4
37761382	4
37776828	4
37792314	4
37807762	4
37823247	4
37838694	4
37854179	4
37869628	4
37885113	4
37908270	4
37923748	4
37939198	4
37954682	4
37970141	4
38006486	4
38021975	4
38045167	4
38068337	4
38091508	4
38114698	4
38130161	4
38145632	4
38161093	4
38176568	4
38192027	4
38207502	4
38222961	4
38242284	4
38257758	4
38277069	4
38292555	4
38308003	4
38323487	4
38338937	4
38354421	4
38369871	4
38385353	4
38400803	4
38416288	4
38431737	4
38447220	4
38462670	4
38478152	4
38493604	4
38509086	4
38532250	4
38547735	4
38563182	4
38583325	4
38598800	4
38619869	4
38643070	4
38666251	4
38689409	4
38712590	4
38735786	4
38751234	4
38766720	4
38789895	4
38805350	4
38820827	4
38836284	4
38851761	4
38867218	4
38882694	4
38898152	4
38913626	4
38929085	4
38944558	4
38960019	4
38975492	4
38990953	4
39014147	4
39029592	4
39045080	4
39060525	4
39076012	4
39091459	4
39114651	4
39130112	4
39145585	4
39161046	4
39176519	4
39191978	4
39207452	4
39222910	4
39238386	4
39253842	4
39269320	4
39284773	4
39300254	4
39315707	4
39331188	4
39346641	4
39369820	4
39385304	4
39400754	4
39416236	4
39431687	4
39447169	4
39462621	4
39478103	4
39493555	4
39509035	4
39524489	4
39539967	4
39555423	4
39570901	4
39586355	4
39601833	4
39617288	4
39632765	4
39648222	4
39663697	4
39679156	4
39694628	4
39710090	4
39725560	4
39741025	4
39756493	4
39771957	4
39787425	4
39802892	4
39818357	4
39833826	4
39849289	4
39864760	4
39880223	4
39895694	4
39911155	4
39926628	4
39942087	4
39957561	4
39973019	4
39988495	4
40003953	4
40019431	4
40034885	4
40050363	4
40065818	4
40081297	4
40096750	4
40112231	4
40127682	4
40143164	4
40158616	4
40174097	4
40189548	4
40205031	4
40220480	4
40235965	4
40251414	4
40266899	4
40282346	4
40297833	4
40313279	4
40328765	4
40344211	4
40359698	4
40375145	4
40390630	4
40406078	4
40421566	4
40437010	4
40452498	4
40467944	4
40483432	4
40498878	4
40514366	4
40529810	4
40545298	4
40560744	4
40576231	4
40591676	4
40607164	4
40622609	4
40645803	4
40668989	4
40684436	4
40699923	4
40715368	4
40730855	4
40746302	4
40761789	4
40777236	4
40792723	4
40808169	4
40823655	4
40839103	4
40854588	4
40870036	4
40885520	4
40900970	4
